
================================================================================================================================================================
TENSOR T[MBTI=ENTP, Blood=O, Gender=M, Layer, Geo=Oxford, t]
9-Day Cycle Day 3 (O횞M)
Times: 4:30 PM (16.50h) | 3:00 AM (03.00h) | 4:30 AM (04.50h)
Attractor: energy
================================================================================================================================================================
Particle     | LA_4:30PM | LA_3:00AM | LA_4:30AM | LB_4:30PM | LB_3:00AM | LB_4:30AM | LC_4:30PM | LC_3:00AM | LC_4:30AM | LD_4:30PM | LD_3:00AM | LD_4:30AM
----------------------------------------------------------------------------------------------------------------------------------------------------------------
proton       |        0.68 |        0.11 |        0.40 |        0.68 |        0.10 |        0.41 |        0.70 |        0.11 |        0.39 |        0.65 |        0.09 |        0.41
gluon        |        0.35 |        0.08 |        0.26 |        0.34 |        0.07 |        0.27 |        0.35 |        0.08 |        0.24 |        0.32 |        0.06 |        0.28
muon         |        0.22 |        0.17 |        0.66 |        0.22 |        0.17 |        0.66 |        0.30 |        0.19 |        0.74 |        0.22 |        0.17 |        0.66
electron     |        0.44 |        0.05 |        0.33 |        0.46 |        0.06 |        0.34 |        0.52 |        0.08 |        0.41 |        0.46 |        0.06 |        0.34
quark        |        0.40 |        0.11 |        0.43 |        0.40 |        0.11 |        0.43 |        0.47 |        0.13 |        0.50 |        0.41 |        0.11 |        0.43
higgs        |        0.81 |        0.04 |        0.19 |        0.81 |        0.04 |        0.19 |        0.83 |        0.05 |        0.21 |        0.82 |        0.04 |        0.18
w_boson      |        0.25 |        0.03 |        0.15 |        0.25 |        0.03 |        0.15 |        0.27 |        0.04 |        0.17 |        0.25 |        0.03 |        0.15
z_boson      |        0.62 |        0.00 |        0.36 |        0.63 |        0.00 |        0.37 |        0.69 |        0.00 |        0.42 |        0.64 |        0.00 |        0.36
neutrino     |        0.45 |        0.95 |        0.38 |        0.45 |        0.95 |        0.38 |        0.46 |        0.96 |        0.39 |        0.45 |        0.95 |        0.38
tau          |        0.54 |        0.11 |        0.41 |        0.54 |        0.11 |        0.42 |        0.60 |        0.13 |        0.47 |        0.55 |        0.11 |        0.40
photon       |        0.00 |        0.02 |        0.40 |        0.00 |        0.02 |        0.40 |        0.00 |        0.03 |        0.43 |        0.00 |        0.02 |        0.40
em           |        0.26 |        0.02 |        0.37 |        0.26 |        0.02 |        0.37 |        0.29 |        0.02 |        0.40 |        0.26 |        0.02 |        0.37

================================================================================================================================================================
TENSOR T[MBTI=ENTP, Blood=O, Gender=M, Layer, Geo=England, t]
9-Day Cycle Day 3 (O횞M)
Times: 4:30 PM (16.50h) | 3:00 AM (03.00h) | 4:30 AM (04.50h)
Attractor: information
================================================================================================================================================================
Particle     | LA_4:30PM | LA_3:00AM | LA_4:30AM | LB_4:30PM | LB_3:00AM | LB_4:30AM | LC_4:30PM | LC_3:00AM | LC_4:30AM | LD_4:30PM | LD_3:00AM | LD_4:30AM
----------------------------------------------------------------------------------------------------------------------------------------------------------------
proton       |        0.68 |        0.11 |        0.39 |        0.69 |        0.11 |        0.39 |        0.69 |        0.10 |        0.40 |        0.68 |        0.11 |        0.39
gluon        |        0.30 |        0.06 |        0.22 |        0.30 |        0.07 |        0.22 |        0.29 |        0.06 |        0.20 |        0.31 |        0.06 |        0.21
muon         |        0.24 |        0.17 |        0.68 |        0.24 |        0.17 |        0.68 |        0.34 |        0.20 |        0.79 |        0.24 |        0.17 |        0.68
electron     |        0.47 |        0.06 |        0.35 |        0.48 |        0.06 |        0.36 |        0.58 |        0.09 |        0.47 |        0.48 |        0.06 |        0.36
quark        |        0.48 |        0.14 |        0.51 |        0.48 |        0.14 |        0.51 |        0.59 |        0.17 |        0.63 |        0.47 |        0.14 |        0.52
higgs        |        0.85 |        0.06 |        0.22 |        0.85 |        0.06 |        0.22 |        0.89 |        0.06 |        0.27 |        0.83 |        0.06 |        0.25
w_boson      |        0.25 |        0.03 |        0.15 |        0.25 |        0.03 |        0.15 |        0.27 |        0.04 |        0.17 |        0.25 |        0.03 |        0.15
z_boson      |        0.65 |        0.00 |        0.38 |        0.67 |        0.00 |        0.40 |        0.73 |        0.00 |        0.47 |        0.65 |        0.00 |        0.41
neutrino     |        0.45 |        0.95 |        0.38 |        0.45 |        0.95 |        0.38 |        0.46 |        0.96 |        0.39 |        0.45 |        0.95 |        0.38
tau          |        0.58 |        0.13 |        0.45 |        0.59 |        0.13 |        0.45 |        0.66 |        0.14 |        0.54 |        0.56 |        0.13 |        0.48
photon       |        0.00 |        0.02 |        0.40 |        0.00 |        0.02 |        0.40 |        0.00 |        0.03 |        0.43 |        0.00 |        0.02 |        0.40
em           |        0.25 |        0.02 |        0.35 |        0.25 |        0.02 |        0.35 |        0.29 |        0.03 |        0.40 |        0.25 |        0.02 |        0.35

================================================================================================================================================================
TENSOR T[MBTI=ENTP, Blood=O, Gender=M, Layer, Geo=Korea, t]
9-Day Cycle Day 3 (O횞M)
Times: 4:30 PM (16.50h) | 3:00 AM (03.00h) | 4:30 AM (04.50h)
Attractor: repair
================================================================================================================================================================
Particle     | LA_4:30PM | LA_3:00AM | LA_4:30AM | LB_4:30PM | LB_3:00AM | LB_4:30AM | LC_4:30PM | LC_3:00AM | LC_4:30AM | LD_4:30PM | LD_3:00AM | LD_4:30AM
----------------------------------------------------------------------------------------------------------------------------------------------------------------
proton       |        0.63 |        0.09 |        0.34 |        0.62 |        0.09 |        0.34 |        0.63 |        0.09 |        0.34 |        0.64 |        0.09 |        0.35
gluon        |        0.27 |        0.06 |        0.19 |        0.27 |        0.06 |        0.20 |        0.27 |        0.05 |        0.19 |        0.29 |        0.06 |        0.21
muon         |        0.28 |        0.19 |        0.72 |        0.28 |        0.19 |        0.72 |        0.40 |        0.22 |        0.84 |        0.28 |        0.19 |        0.72
electron     |        0.44 |        0.05 |        0.33 |        0.46 |        0.06 |        0.34 |        0.52 |        0.08 |        0.41 |        0.46 |        0.06 |        0.34
quark        |        0.44 |        0.13 |        0.47 |        0.44 |        0.13 |        0.47 |        0.55 |        0.15 |        0.57 |        0.44 |        0.13 |        0.47
higgs        |        0.94 |        0.05 |        0.26 |        0.95 |        0.05 |        0.26 |        0.98 |        0.05 |        0.29 |        0.94 |        0.05 |        0.25
w_boson      |        0.30 |        0.04 |        0.20 |        0.30 |        0.04 |        0.20 |        0.33 |        0.05 |        0.23 |        0.30 |        0.04 |        0.20
z_boson      |        0.62 |        0.00 |        0.36 |        0.64 |        0.00 |        0.37 |        0.70 |        0.00 |        0.43 |        0.64 |        0.00 |        0.36
neutrino     |        0.48 |        0.95 |        0.41 |        0.49 |        0.95 |        0.42 |        0.50 |        0.96 |        0.43 |        0.49 |        0.95 |        0.42
tau          |        0.58 |        0.13 |        0.45 |        0.59 |        0.13 |        0.45 |        0.68 |        0.15 |        0.54 |        0.58 |        0.13 |        0.44
photon       |        0.00 |        0.04 |        0.44 |        0.00 |        0.04 |        0.44 |        0.00 |        0.05 |        0.49 |        0.00 |        0.04 |        0.44
em           |        0.20 |        0.01 |        0.29 |        0.20 |        0.01 |        0.29 |        0.22 |        0.02 |        0.31 |        0.20 |        0.01 |        0.29

========================================================================================================================
GEOGRAPHIC AXIS COMPARISON: ENTP_M_O, Day 3, Layer A
========================================================================================================================
Particle     | Oxf_4:30PM | Oxf_3:00AM | Oxf_4:30AM | Eng_4:30PM | Eng_3:00AM | Eng_4:30AM | Kor_4:30PM | Kor_3:00AM | Kor_4:30AM
------------------------------------------------------------------------------------------------------------------------
proton       |     0.68 |     0.11 |     0.40 |     0.68 |     0.11 |     0.39 |     0.63 |     0.09 |     0.34
gluon        |     0.35 |     0.08 |     0.26 |     0.30 |     0.06 |     0.22 |     0.27 |     0.06 |     0.19
muon         |     0.22 |     0.17 |     0.66 |     0.24 |     0.17 |     0.68 |     0.28 |     0.19 |     0.72
electron     |     0.44 |     0.05 |     0.33 |     0.47 |     0.06 |     0.35 |     0.44 |     0.05 |     0.33
quark        |     0.40 |     0.11 |     0.43 |     0.48 |     0.14 |     0.51 |     0.44 |     0.13 |     0.47
higgs        |     0.81 |     0.04 |     0.19 |     0.85 |     0.06 |     0.22 |     0.94 |     0.05 |     0.26
w_boson      |     0.25 |     0.03 |     0.15 |     0.25 |     0.03 |     0.15 |     0.30 |     0.04 |     0.20
z_boson      |     0.62 |     0.00 |     0.36 |     0.65 |     0.00 |     0.38 |     0.62 |     0.00 |     0.36
neutrino     |     0.45 |     0.95 |     0.38 |     0.45 |     0.95 |     0.38 |     0.48 |     0.95 |     0.41
tau          |     0.54 |     0.11 |     0.41 |     0.58 |     0.13 |     0.45 |     0.58 |     0.13 |     0.45
photon       |     0.00 |     0.02 |     0.40 |     0.00 |     0.02 |     0.40 |     0.00 |     0.04 |     0.44
em           |     0.26 |     0.02 |     0.37 |     0.25 |     0.02 |     0.35 |     0.20 |     0.01 |     0.29

========================================================================================================================
9-DAY RITUAL CYCLE EFFECT: ENTP_M_O, Layer A, Geo=Korea, 4:30 PM
========================================================================================================================
Day  Blood횞Gender  Spark Node                    | 12 particle values
------------------------------------------------------------------------------------------------------------------------
Day1  A횞M           observer_leftd2              | 0.60 0.26 0.26 0.43 0.43 0.92 0.29 0.61 0.47 0.56 0.00 0.20
Day2  A횞F           ESR1                         | 0.60 0.26 0.26 0.43 0.43 0.92 0.29 0.61 0.47 0.56 0.00 0.20
Day3  O횞M           pentose_phosphate            | 0.63 0.27 0.28 0.44 0.44 0.94 0.30 0.62 0.48 0.58 0.00 0.20
Day4  O횞F           water_vapour                 | 0.60 0.26 0.26 0.43 0.43 0.92 0.29 0.61 0.47 0.56 0.00 0.20
Day5  AB횞M          memory_entropy               | 0.60 0.26 0.26 0.43 0.43 0.92 0.29 0.61 0.47 0.56 0.00 0.20
Day6  AB횞F          peonidine                    | 0.60 0.26 0.26 0.43 0.43 0.92 0.29 0.61 0.47 0.56 0.00 0.20
Day7  B횞M           right_androgen               | 0.60 0.26 0.26 0.43 0.43 0.92 0.29 0.61 0.47 0.56 0.00 0.20
Day8  B횞F           right_oxytocin               | 0.60 0.26 0.26 0.43 0.43 0.92 0.29 0.61 0.47 0.56 0.00 0.20
Day9  Reconciliation  co2+observer_leftd2          | 0.60 0.26 0.26 0.43 0.43 0.92 0.29 0.61 0.47 0.56 0.00 0.20

========================================================================================================================================================================================================
ALL 128 PROFILES 횞 3 GEO 횞 3 TIMES 횞 12 PARTICLES (Layer A, Observer, Day 3)
========================================================================================================================================================================================================
ENFP_M_O       0.70 0.36 0.19 0.41 0.37 0.81 0.25 0.62 0.44 0.54 0.00 0.24 | 0.11 0.08 0.16 0.04 0.10 0.05 0.04 0.00 0.96 0.11 0.02 0.01 | 0.41 0.27 0.63 0.30 0.40 0.19 0.15 0.35 0.37 0.41 0.39 0.35 | 0.69 0.31 0.19 0.41 0.43 0.85 0.25 0.64 0.44 0.58 0.00 0.22 | 0.11 0.07 0.16 0.04 0.12 0.06 0.04 0.00 0.96 0.13 0.02 0.01 | 0.40 0.23 0.63 0.30 0.46 0.22 0.15 0.38 0.37 0.45 0.39 0.32 | 0.64 0.28 0.24 0.41 0.41 0.94 0.30 0.62 0.48 0.57 0.00 0.19 | 0.09 0.06 0.18 0.04 0.12 0.06 0.05 0.00 0.97 0.12 0.03 0.01 | 0.35 0.20 0.69 0.30 0.44 0.26 0.19 0.35 0.41 0.45 0.43 0.27 |
ENFP_F_O       0.59 0.29 0.23 0.42 0.39 0.78 0.26 0.61 0.44 0.53 0.00 0.24 | 0.08 0.06 0.17 0.05 0.11 0.05 0.04 0.00 0.96 0.12 0.03 0.01 | 0.30 0.20 0.67 0.31 0.42 0.15 0.16 0.34 0.37 0.40 0.42 0.35 | 0.58 0.25 0.23 0.42 0.43 0.79 0.26 0.62 0.44 0.54 0.00 0.22 | 0.09 0.05 0.17 0.05 0.13 0.06 0.04 0.00 0.96 0.13 0.03 0.01 | 0.29 0.17 0.67 0.31 0.46 0.17 0.16 0.35 0.37 0.42 0.42 0.32 | 0.55 0.24 0.31 0.42 0.45 0.90 0.31 0.61 0.47 0.59 0.00 0.19 | 0.07 0.05 0.20 0.05 0.13 0.06 0.05 0.00 0.97 0.13 0.05 0.01 | 0.27 0.16 0.76 0.31 0.47 0.21 0.21 0.34 0.41 0.46 0.48 0.27 |
ENFP_M_A       0.65 0.31 0.17 0.39 0.37 0.82 0.24 0.61 0.43 0.54 0.00 0.24 | 0.09 0.07 0.15 0.04 0.10 0.05 0.04 0.00 0.96 0.11 0.02 0.01 | 0.36 0.22 0.61 0.28 0.40 0.20 0.14 0.34 0.36 0.42 0.38 0.35 | 0.66 0.27 0.17 0.39 0.43 0.87 0.24 0.65 0.43 0.60 0.00 0.22 | 0.10 0.06 0.15 0.04 0.12 0.07 0.04 0.00 0.96 0.13 0.02 0.01 | 0.37 0.19 0.61 0.28 0.46 0.25 0.14 0.38 0.36 0.48 0.38 0.32 | 0.60 0.25 0.21 0.39 0.39 0.95 0.28 0.61 0.46 0.57 0.00 0.19 | 0.08 0.05 0.16 0.04 0.11 0.07 0.05 0.00 0.98 0.12 0.03 0.01 | 0.32 0.17 0.65 0.28 0.42 0.27 0.17 0.34 0.39 0.44 0.40 0.27 |
ENFP_F_A       0.57 0.27 0.21 0.41 0.38 0.79 0.25 0.60 0.44 0.53 0.00 0.24 | 0.08 0.05 0.16 0.04 0.11 0.05 0.04 0.00 0.97 0.11 0.03 0.01 | 0.29 0.18 0.65 0.29 0.41 0.16 0.15 0.33 0.37 0.40 0.40 0.35 | 0.57 0.24 0.21 0.41 0.43 0.81 0.25 0.62 0.44 0.55 0.00 0.22 | 0.08 0.05 0.16 0.04 0.12 0.06 0.04 0.00 0.97 0.13 0.03 0.01 | 0.28 0.15 0.65 0.29 0.46 0.18 0.15 0.35 0.37 0.42 0.40 0.32 | 0.54 0.22 0.28 0.41 0.43 0.91 0.30 0.60 0.47 0.57 0.00 0.19 | 0.07 0.04 0.18 0.04 0.12 0.06 0.05 0.00 0.99 0.13 0.04 0.01 | 0.26 0.14 0.72 0.29 0.45 0.22 0.20 0.33 0.40 0.44 0.45 0.27 |
ENFP_M_B       0.66 0.33 0.17 0.39 0.36 0.80 0.24 0.59 0.43 0.52 0.00 0.24 | 0.10 0.07 0.15 0.04 0.10 0.05 0.04 0.00 0.95 0.11 0.02 0.01 | 0.37 0.24 0.61 0.28 0.39 0.18 0.14 0.32 0.36 0.39 0.38 0.35 | 0.65 0.28 0.17 0.39 0.41 0.83 0.24 0.61 0.43 0.55 0.00 0.22 | 0.10 0.06 0.15 0.04 0.12 0.06 0.04 0.00 0.95 0.12 0.02 0.01 | 0.36 0.20 0.61 0.28 0.44 0.21 0.14 0.35 0.36 0.42 0.38 0.32 | 0.61 0.26 0.21 0.39 0.38 0.92 0.28 0.59 0.46 0.54 0.00 0.19 | 0.08 0.06 0.16 0.04 0.11 0.06 0.04 0.00 0.96 0.11 0.03 0.01 | 0.32 0.18 0.65 0.28 0.41 0.24 0.17 0.32 0.39 0.41 0.40 0.27 |
ENFP_F_B       0.59 0.28 0.21 0.41 0.38 0.78 0.25 0.59 0.44 0.51 0.00 0.24 | 0.08 0.06 0.16 0.04 0.11 0.05 0.04 0.00 0.96 0.11 0.03 0.01 | 0.30 0.20 0.65 0.29 0.40 0.15 0.15 0.33 0.37 0.39 0.40 0.35 | 0.58 0.25 0.21 0.41 0.42 0.79 0.25 0.60 0.44 0.53 0.00 0.22 | 0.08 0.05 0.16 0.04 0.12 0.06 0.04 0.00 0.96 0.13 0.03 0.01 | 0.29 0.17 0.65 0.29 0.45 0.17 0.15 0.33 0.37 0.40 0.40 0.32 | 0.55 0.23 0.28 0.41 0.42 0.90 0.30 0.59 0.47 0.56 0.00 0.19 | 0.07 0.05 0.18 0.04 0.12 0.06 0.05 0.00 0.97 0.13 0.04 0.01 | 0.26 0.15 0.72 0.29 0.45 0.21 0.20 0.33 0.40 0.43 0.45 0.27 |
ENFP_M_AB      0.66 0.32 0.16 0.39 0.36 0.81 0.24 0.59 0.43 0.53 0.00 0.24 | 0.10 0.07 0.15 0.04 0.10 0.05 0.03 0.00 0.95 0.10 0.02 0.01 | 0.37 0.23 0.61 0.27 0.39 0.19 0.13 0.33 0.36 0.40 0.37 0.35 | 0.65 0.28 0.16 0.39 0.41 0.85 0.24 0.63 0.43 0.57 0.00 0.22 | 0.10 0.06 0.15 0.04 0.11 0.06 0.03 0.00 0.95 0.12 0.02 0.01 | 0.37 0.20 0.61 0.27 0.44 0.23 0.13 0.36 0.36 0.45 0.37 0.32 | 0.61 0.26 0.20 0.39 0.38 0.94 0.27 0.59 0.46 0.55 0.00 0.19 | 0.08 0.05 0.16 0.04 0.11 0.06 0.04 0.00 0.96 0.11 0.02 0.01 | 0.32 0.18 0.64 0.27 0.41 0.25 0.17 0.33 0.39 0.42 0.40 0.27 |
ENFP_F_AB      0.58 0.28 0.20 0.40 0.37 0.78 0.25 0.59 0.43 0.51 0.00 0.24 | 0.08 0.06 0.16 0.04 0.11 0.05 0.04 0.00 0.96 0.11 0.02 0.01 | 0.29 0.19 0.64 0.29 0.40 0.16 0.15 0.32 0.37 0.39 0.40 0.35 | 0.57 0.24 0.20 0.40 0.41 0.80 0.25 0.60 0.43 0.53 0.00 0.22 | 0.08 0.05 0.16 0.04 0.12 0.06 0.04 0.00 0.96 0.13 0.02 0.01 | 0.28 0.16 0.64 0.29 0.44 0.18 0.15 0.33 0.37 0.40 0.40 0.32 | 0.55 0.23 0.26 0.40 0.41 0.90 0.29 0.59 0.47 0.55 0.00 0.19 | 0.07 0.04 0.18 0.04 0.12 0.06 0.05 0.00 0.97 0.12 0.04 0.01 | 0.26 0.15 0.70 0.29 0.44 0.22 0.19 0.32 0.40 0.43 0.44 0.27 |
ISFP_M_O       0.52 0.19 0.14 0.39 0.38 0.89 0.23 0.61 0.43 0.58 0.00 0.33 | 0.06 0.03 0.14 0.04 0.11 0.08 0.04 0.00 0.97 0.12 0.03 0.04 | 0.24 0.10 0.59 0.27 0.41 0.27 0.13 0.34 0.36 0.45 0.43 0.45 | 0.58 0.17 0.16 0.41 0.48 0.97 0.23 0.68 0.43 0.68 0.00 0.28 | 0.07 0.03 0.15 0.04 0.13 0.11 0.04 0.00 0.97 0.15 0.02 0.03 | 0.29 0.09 0.61 0.30 0.51 0.35 0.13 0.41 0.36 0.55 0.39 0.39 | 0.52 0.17 0.14 0.39 0.38 1.00 0.26 0.61 0.47 0.58 0.00 0.22 | 0.06 0.03 0.14 0.04 0.11 0.10 0.05 0.00 1.00 0.12 0.02 0.02 | 0.24 0.09 0.59 0.27 0.41 0.35 0.16 0.34 0.40 0.45 0.37 0.30 |
ISFP_F_O       0.48 0.19 0.14 0.38 0.35 0.81 0.23 0.55 0.42 0.49 0.00 0.30 | 0.05 0.03 0.14 0.04 0.10 0.06 0.04 0.00 0.97 0.10 0.02 0.03 | 0.19 0.10 0.58 0.27 0.38 0.18 0.12 0.29 0.35 0.36 0.40 0.42 | 0.50 0.17 0.16 0.40 0.41 0.84 0.23 0.58 0.42 0.53 0.00 0.27 | 0.05 0.03 0.15 0.04 0.12 0.07 0.04 0.00 0.97 0.11 0.02 0.02 | 0.21 0.09 0.60 0.29 0.44 0.22 0.12 0.31 0.35 0.40 0.37 0.37 | 0.48 0.17 0.14 0.38 0.35 0.93 0.25 0.55 0.46 0.49 0.00 0.21 | 0.05 0.03 0.14 0.04 0.10 0.08 0.04 0.00 1.00 0.10 0.01 0.01 | 0.19 0.09 0.58 0.27 0.38 0.25 0.15 0.29 0.39 0.36 0.36 0.30 |
ISFP_M_A       0.50 0.19 0.15 0.40 0.38 0.84 0.22 0.58 0.42 0.54 0.00 0.37 | 0.05 0.03 0.15 0.04 0.10 0.06 0.04 0.00 0.96 0.11 0.04 0.05 | 0.21 0.10 0.60 0.28 0.41 0.22 0.12 0.32 0.35 0.41 0.46 0.49 | 0.54 0.17 0.18 0.43 0.47 0.91 0.22 0.63 0.42 0.61 0.00 0.31 | 0.06 0.03 0.16 0.05 0.13 0.08 0.04 0.00 0.96 0.13 0.03 0.04 | 0.25 0.09 0.62 0.32 0.50 0.28 0.12 0.37 0.35 0.48 0.40 0.41 | 0.50 0.17 0.15 0.40 0.38 0.97 0.25 0.58 0.45 0.54 0.00 0.23 | 0.05 0.03 0.15 0.04 0.10 0.08 0.04 0.00 0.99 0.11 0.02 0.02 | 0.21 0.09 0.60 0.28 0.41 0.29 0.14 0.32 0.38 0.41 0.38 0.32 |
ISFP_F_A       0.47 0.19 0.15 0.40 0.36 0.79 0.22 0.55 0.42 0.48 0.00 0.35 | 0.05 0.03 0.15 0.04 0.10 0.06 0.04 0.00 0.96 0.10 0.03 0.04 | 0.19 0.10 0.60 0.29 0.39 0.17 0.12 0.28 0.35 0.35 0.43 0.46 | 0.49 0.17 0.18 0.44 0.43 0.82 0.22 0.57 0.42 0.51 0.00 0.30 | 0.05 0.03 0.16 0.05 0.12 0.07 0.04 0.00 0.96 0.11 0.02 0.03 | 0.20 0.09 0.62 0.32 0.47 0.20 0.12 0.30 0.35 0.38 0.39 0.40 | 0.47 0.17 0.15 0.40 0.36 0.92 0.25 0.55 0.45 0.48 0.00 0.23 | 0.05 0.03 0.15 0.04 0.10 0.07 0.04 0.00 0.99 0.10 0.02 0.02 | 0.19 0.09 0.60 0.29 0.39 0.23 0.14 0.28 0.38 0.35 0.37 0.31 |
ISFP_M_B       0.50 0.19 0.14 0.39 0.36 0.84 0.22 0.59 0.42 0.54 0.00 0.32 | 0.05 0.03 0.14 0.04 0.10 0.07 0.04 0.00 0.97 0.11 0.03 0.03 | 0.21 0.10 0.58 0.28 0.39 0.22 0.12 0.32 0.35 0.41 0.42 0.43 | 0.54 0.17 0.16 0.41 0.45 0.91 0.22 0.64 0.42 0.61 0.00 0.27 | 0.06 0.03 0.15 0.04 0.12 0.09 0.04 0.00 0.97 0.13 0.02 0.03 | 0.25 0.09 0.60 0.30 0.48 0.29 0.12 0.38 0.35 0.48 0.38 0.38 | 0.50 0.17 0.14 0.39 0.36 0.97 0.25 0.59 0.45 0.54 0.00 0.21 | 0.05 0.03 0.14 0.04 0.10 0.09 0.04 0.00 1.00 0.11 0.02 0.02 | 0.21 0.09 0.58 0.28 0.39 0.29 0.15 0.32 0.39 0.41 0.37 0.30 |
ISFP_F_B       0.47 0.19 0.14 0.40 0.34 0.80 0.22 0.56 0.42 0.48 0.00 0.30 | 0.05 0.03 0.14 0.04 0.10 0.06 0.04 0.00 0.97 0.10 0.02 0.03 | 0.19 0.10 0.58 0.28 0.37 0.17 0.12 0.29 0.35 0.35 0.40 0.42 | 0.49 0.17 0.16 0.42 0.41 0.82 0.22 0.58 0.42 0.51 0.00 0.27 | 0.05 0.03 0.15 0.05 0.12 0.07 0.04 0.00 0.97 0.11 0.02 0.02 | 0.20 0.09 0.60 0.30 0.44 0.20 0.12 0.31 0.35 0.38 0.37 0.37 | 0.47 0.17 0.14 0.40 0.34 0.92 0.25 0.56 0.46 0.48 0.00 0.21 | 0.05 0.03 0.14 0.04 0.10 0.08 0.04 0.00 1.00 0.10 0.01 0.01 | 0.19 0.09 0.58 0.28 0.37 0.24 0.15 0.29 0.39 0.35 0.36 0.30 |
ISFP_M_AB      0.51 0.20 0.14 0.39 0.36 0.83 0.22 0.58 0.42 0.52 0.00 0.33 | 0.05 0.03 0.14 0.04 0.10 0.06 0.04 0.00 0.96 0.10 0.03 0.04 | 0.22 0.11 0.59 0.28 0.39 0.21 0.12 0.31 0.35 0.40 0.43 0.45 | 0.54 0.18 0.16 0.42 0.44 0.89 0.22 0.63 0.42 0.59 0.00 0.28 | 0.06 0.03 0.15 0.05 0.12 0.08 0.04 0.00 0.96 0.12 0.02 0.03 | 0.25 0.10 0.61 0.30 0.48 0.27 0.12 0.36 0.35 0.46 0.39 0.39 | 0.50 0.18 0.14 0.39 0.36 0.96 0.25 0.58 0.45 0.52 0.00 0.22 | 0.05 0.03 0.14 0.04 0.10 0.08 0.04 0.00 0.99 0.10 0.02 0.02 | 0.22 0.10 0.59 0.28 0.39 0.28 0.14 0.31 0.38 0.40 0.37 0.30 |
ISFP_F_AB      0.48 0.19 0.14 0.40 0.35 0.79 0.22 0.55 0.42 0.47 0.00 0.31 | 0.05 0.03 0.14 0.04 0.10 0.06 0.04 0.00 0.96 0.10 0.03 0.03 | 0.19 0.11 0.59 0.28 0.37 0.17 0.12 0.29 0.35 0.35 0.41 0.43 | 0.49 0.18 0.16 0.42 0.41 0.81 0.22 0.57 0.42 0.50 0.00 0.28 | 0.05 0.03 0.15 0.05 0.12 0.07 0.04 0.00 0.96 0.11 0.02 0.03 | 0.20 0.10 0.61 0.31 0.44 0.19 0.12 0.30 0.35 0.37 0.38 0.38 | 0.48 0.17 0.14 0.40 0.35 0.91 0.25 0.55 0.45 0.47 0.00 0.21 | 0.05 0.03 0.14 0.04 0.10 0.07 0.04 0.00 0.99 0.10 0.01 0.02 | 0.19 0.09 0.59 0.28 0.37 0.23 0.14 0.29 0.38 0.35 0.36 0.30 |
ESFJ_M_O       0.57 0.26 0.20 0.42 0.38 0.81 0.25 0.62 0.45 0.54 0.00 0.24 | 0.07 0.05 0.16 0.05 0.11 0.04 0.03 0.00 0.95 0.11 0.02 0.01 | 0.28 0.17 0.64 0.30 0.41 0.19 0.15 0.36 0.38 0.41 0.40 0.35 | 0.58 0.23 0.20 0.42 0.43 0.85 0.25 0.65 0.45 0.58 0.00 0.22 | 0.08 0.04 0.16 0.05 0.12 0.06 0.03 0.00 0.95 0.13 0.02 0.01 | 0.29 0.15 0.64 0.30 0.46 0.22 0.15 0.38 0.38 0.45 0.40 0.32 | 0.54 0.22 0.26 0.42 0.42 0.94 0.30 0.62 0.48 0.58 0.00 0.19 | 0.07 0.04 0.18 0.05 0.12 0.05 0.04 0.00 0.95 0.13 0.04 0.01 | 0.26 0.14 0.70 0.30 0.45 0.26 0.20 0.36 0.41 0.45 0.44 0.27 |
ESFJ_F_O       0.52 0.23 0.24 0.43 0.40 0.78 0.26 0.62 0.45 0.54 0.00 0.24 | 0.06 0.04 0.17 0.05 0.11 0.04 0.04 0.00 0.95 0.12 0.03 0.01 | 0.23 0.14 0.68 0.32 0.42 0.15 0.16 0.35 0.38 0.41 0.42 0.35 | 0.52 0.20 0.24 0.43 0.44 0.79 0.26 0.63 0.45 0.55 0.00 0.22 | 0.07 0.04 0.17 0.05 0.13 0.05 0.04 0.00 0.95 0.13 0.03 0.01 | 0.23 0.12 0.68 0.32 0.47 0.17 0.16 0.36 0.38 0.42 0.42 0.32 | 0.50 0.20 0.33 0.43 0.46 0.90 0.32 0.62 0.48 0.60 0.00 0.19 | 0.06 0.04 0.20 0.05 0.13 0.05 0.05 0.00 0.95 0.14 0.05 0.01 | 0.21 0.12 0.78 0.32 0.49 0.21 0.21 0.35 0.41 0.47 0.49 0.27 |
ESFJ_M_A       0.61 0.28 0.17 0.40 0.37 0.82 0.24 0.62 0.43 0.55 0.00 0.24 | 0.08 0.06 0.15 0.04 0.10 0.05 0.03 0.00 0.94 0.11 0.02 0.01 | 0.32 0.19 0.62 0.28 0.40 0.20 0.14 0.35 0.36 0.42 0.38 0.35 | 0.62 0.24 0.17 0.40 0.43 0.87 0.24 0.65 0.43 0.61 0.00 0.22 | 0.09 0.05 0.15 0.04 0.12 0.06 0.03 0.00 0.94 0.13 0.02 0.01 | 0.34 0.16 0.62 0.28 0.46 0.25 0.14 0.39 0.36 0.48 0.38 0.32 | 0.58 0.23 0.22 0.40 0.40 0.95 0.28 0.62 0.46 0.58 0.00 0.19 | 0.07 0.05 0.17 0.04 0.11 0.05 0.04 0.00 0.94 0.12 0.03 0.01 | 0.29 0.15 0.66 0.28 0.43 0.27 0.18 0.35 0.40 0.45 0.41 0.27 |
ESFJ_F_A       0.55 0.25 0.22 0.42 0.39 0.79 0.26 0.61 0.44 0.53 0.00 0.24 | 0.07 0.05 0.17 0.05 0.11 0.04 0.04 0.00 0.94 0.12 0.03 0.01 | 0.26 0.16 0.66 0.30 0.41 0.16 0.15 0.34 0.37 0.41 0.41 0.35 | 0.55 0.22 0.22 0.42 0.43 0.81 0.26 0.62 0.44 0.56 0.00 0.22 | 0.07 0.04 0.17 0.05 0.13 0.05 0.04 0.00 0.94 0.13 0.03 0.01 | 0.26 0.14 0.66 0.30 0.46 0.18 0.15 0.36 0.37 0.43 0.41 0.32 | 0.53 0.21 0.29 0.42 0.44 0.91 0.30 0.61 0.47 0.58 0.00 0.19 | 0.06 0.04 0.19 0.05 0.13 0.05 0.04 0.00 0.94 0.13 0.04 0.01 | 0.24 0.13 0.74 0.30 0.47 0.22 0.20 0.34 0.40 0.46 0.46 0.27 |
ESFJ_M_B       0.58 0.27 0.18 0.41 0.37 0.80 0.24 0.61 0.44 0.53 0.00 0.24 | 0.08 0.05 0.16 0.04 0.10 0.04 0.03 0.00 0.94 0.11 0.02 0.01 | 0.29 0.18 0.63 0.29 0.40 0.18 0.14 0.34 0.37 0.40 0.39 0.35 | 0.58 0.24 0.18 0.41 0.42 0.83 0.24 0.63 0.44 0.56 0.00 0.22 | 0.08 0.05 0.16 0.04 0.12 0.05 0.03 0.00 0.94 0.12 0.02 0.01 | 0.30 0.15 0.63 0.29 0.45 0.21 0.14 0.36 0.37 0.43 0.39 0.32 | 0.55 0.22 0.23 0.41 0.40 0.92 0.28 0.61 0.47 0.56 0.00 0.19 | 0.07 0.04 0.17 0.04 0.11 0.05 0.04 0.00 0.94 0.12 0.03 0.01 | 0.26 0.14 0.68 0.29 0.43 0.24 0.18 0.34 0.40 0.43 0.42 0.27 |
ESFJ_F_B       0.53 0.24 0.23 0.43 0.39 0.78 0.26 0.61 0.44 0.53 0.00 0.24 | 0.07 0.05 0.17 0.05 0.11 0.04 0.04 0.00 0.95 0.12 0.03 0.01 | 0.24 0.15 0.68 0.31 0.42 0.15 0.16 0.35 0.37 0.40 0.42 0.35 | 0.53 0.21 0.23 0.43 0.44 0.79 0.26 0.62 0.44 0.55 0.00 0.22 | 0.07 0.04 0.17 0.05 0.13 0.05 0.04 0.00 0.95 0.13 0.03 0.01 | 0.24 0.13 0.68 0.31 0.47 0.17 0.16 0.35 0.37 0.42 0.42 0.32 | 0.51 0.21 0.32 0.43 0.45 0.90 0.31 0.61 0.48 0.59 0.00 0.19 | 0.06 0.04 0.20 0.05 0.13 0.05 0.05 0.00 0.95 0.14 0.05 0.01 | 0.22 0.13 0.77 0.31 0.48 0.21 0.21 0.35 0.41 0.46 0.48 0.27 |
ESFJ_M_AB      0.59 0.27 0.18 0.40 0.37 0.81 0.24 0.61 0.43 0.53 0.00 0.24 | 0.08 0.06 0.16 0.04 0.10 0.04 0.03 0.00 0.94 0.11 0.02 0.01 | 0.31 0.19 0.62 0.29 0.40 0.19 0.14 0.34 0.36 0.41 0.38 0.36 | 0.60 0.24 0.18 0.41 0.43 0.85 0.24 0.64 0.43 0.58 0.00 0.22 | 0.08 0.05 0.16 0.04 0.12 0.05 0.03 0.00 0.94 0.12 0.02 0.01 | 0.31 0.16 0.63 0.29 0.46 0.23 0.14 0.37 0.36 0.45 0.38 0.33 | 0.56 0.23 0.22 0.40 0.40 0.94 0.28 0.61 0.46 0.56 0.00 0.19 | 0.07 0.04 0.17 0.04 0.11 0.05 0.04 0.00 0.94 0.12 0.03 0.01 | 0.27 0.15 0.67 0.29 0.43 0.25 0.18 0.34 0.40 0.44 0.41 0.28 |
ESFJ_F_AB      0.54 0.25 0.22 0.42 0.39 0.78 0.26 0.61 0.44 0.53 0.00 0.24 | 0.07 0.05 0.17 0.05 0.11 0.04 0.04 0.00 0.95 0.12 0.03 0.01 | 0.25 0.16 0.67 0.31 0.42 0.16 0.15 0.34 0.37 0.40 0.41 0.36 | 0.54 0.22 0.23 0.43 0.44 0.80 0.26 0.62 0.44 0.55 0.00 0.22 | 0.07 0.04 0.17 0.05 0.13 0.05 0.04 0.00 0.95 0.13 0.03 0.01 | 0.25 0.14 0.67 0.31 0.47 0.18 0.15 0.35 0.37 0.42 0.41 0.33 | 0.52 0.21 0.30 0.42 0.44 0.90 0.31 0.61 0.47 0.58 0.00 0.19 | 0.06 0.04 0.19 0.05 0.13 0.05 0.04 0.00 0.95 0.13 0.04 0.01 | 0.23 0.13 0.74 0.31 0.47 0.22 0.20 0.34 0.40 0.45 0.46 0.28 |
INTP_M_O       0.62 0.26 0.21 0.46 0.44 0.89 0.24 0.64 0.43 0.61 0.00 0.29 | 0.09 0.05 0.16 0.06 0.12 0.06 0.03 0.00 0.93 0.13 0.01 0.03 | 0.33 0.17 0.65 0.34 0.47 0.27 0.13 0.37 0.36 0.48 0.36 0.41 | 0.65 0.23 0.26 0.52 0.58 0.97 0.24 0.70 0.43 0.70 0.00 0.31 | 0.10 0.04 0.18 0.08 0.16 0.09 0.03 0.00 0.93 0.16 0.01 0.04 | 0.36 0.15 0.70 0.40 0.61 0.35 0.13 0.43 0.36 0.57 0.36 0.41 | 0.59 0.22 0.23 0.46 0.46 1.00 0.27 0.64 0.47 0.62 0.00 0.23 | 0.08 0.04 0.17 0.06 0.13 0.07 0.03 0.00 0.93 0.13 0.02 0.02 | 0.31 0.14 0.67 0.34 0.48 0.35 0.17 0.37 0.40 0.49 0.38 0.31 |
INTP_F_O       0.53 0.23 0.22 0.45 0.41 0.80 0.24 0.58 0.43 0.52 0.00 0.29 | 0.06 0.04 0.17 0.06 0.12 0.04 0.03 0.00 0.93 0.10 0.02 0.02 | 0.24 0.14 0.66 0.33 0.44 0.18 0.13 0.31 0.36 0.39 0.37 0.40 | 0.55 0.20 0.26 0.51 0.52 0.84 0.24 0.61 0.43 0.56 0.00 0.29 | 0.07 0.04 0.18 0.07 0.15 0.05 0.03 0.00 0.93 0.12 0.02 0.03 | 0.26 0.12 0.70 0.39 0.55 0.22 0.13 0.34 0.36 0.43 0.37 0.40 | 0.52 0.20 0.25 0.45 0.43 0.93 0.27 0.58 0.46 0.54 0.00 0.22 | 0.06 0.04 0.18 0.06 0.12 0.05 0.03 0.00 0.93 0.11 0.02 0.02 | 0.23 0.12 0.69 0.33 0.46 0.25 0.17 0.31 0.39 0.41 0.39 0.31 |
INTP_M_A       0.63 0.28 0.20 0.44 0.42 0.85 0.24 0.62 0.43 0.57 0.00 0.28 | 0.09 0.06 0.16 0.05 0.12 0.05 0.03 0.00 0.93 0.12 0.02 0.02 | 0.34 0.19 0.64 0.32 0.44 0.23 0.13 0.35 0.36 0.44 0.37 0.39 | 0.65 0.24 0.24 0.48 0.53 0.92 0.24 0.68 0.43 0.66 0.00 0.28 | 0.10 0.05 0.17 0.07 0.15 0.08 0.03 0.00 0.93 0.14 0.02 0.03 | 0.37 0.16 0.68 0.37 0.56 0.30 0.13 0.41 0.36 0.53 0.37 0.38 | 0.59 0.23 0.23 0.44 0.44 0.98 0.27 0.62 0.46 0.59 0.00 0.21 | 0.08 0.05 0.17 0.05 0.12 0.06 0.03 0.00 0.93 0.12 0.02 0.02 | 0.31 0.15 0.67 0.32 0.46 0.30 0.17 0.35 0.39 0.46 0.39 0.30 |
INTP_F_A       0.56 0.25 0.23 0.45 0.41 0.80 0.25 0.59 0.43 0.53 0.00 0.28 | 0.07 0.05 0.17 0.06 0.12 0.04 0.03 0.00 0.94 0.11 0.02 0.02 | 0.27 0.16 0.67 0.34 0.44 0.18 0.14 0.33 0.36 0.40 0.39 0.39 | 0.56 0.22 0.27 0.50 0.51 0.83 0.25 0.62 0.43 0.56 0.00 0.28 | 0.07 0.04 0.18 0.07 0.15 0.05 0.03 0.00 0.94 0.12 0.02 0.03 | 0.27 0.14 0.71 0.38 0.54 0.20 0.14 0.35 0.36 0.43 0.39 0.38 | 0.53 0.21 0.28 0.45 0.45 0.92 0.29 0.59 0.46 0.56 0.00 0.21 | 0.06 0.04 0.19 0.06 0.13 0.05 0.04 0.00 0.94 0.12 0.03 0.02 | 0.24 0.13 0.73 0.34 0.48 0.24 0.18 0.33 0.39 0.43 0.42 0.30 |
INTP_M_B       0.62 0.27 0.19 0.43 0.41 0.87 0.23 0.62 0.42 0.58 0.00 0.28 | 0.09 0.05 0.16 0.05 0.11 0.06 0.03 0.00 0.93 0.12 0.01 0.02 | 0.33 0.18 0.63 0.31 0.44 0.24 0.13 0.35 0.35 0.45 0.36 0.39 | 0.66 0.24 0.22 0.47 0.53 0.95 0.23 0.69 0.42 0.68 0.00 0.28 | 0.10 0.05 0.17 0.06 0.15 0.08 0.03 0.00 0.93 0.15 0.01 0.03 | 0.37 0.15 0.67 0.36 0.56 0.33 0.13 0.42 0.35 0.55 0.36 0.38 | 0.59 0.22 0.20 0.43 0.42 1.00 0.26 0.62 0.45 0.59 0.00 0.21 | 0.08 0.04 0.16 0.05 0.12 0.06 0.03 0.00 0.93 0.12 0.02 0.02 | 0.30 0.14 0.65 0.31 0.45 0.31 0.16 0.35 0.39 0.46 0.37 0.30 |
INTP_F_B       0.55 0.24 0.20 0.44 0.40 0.80 0.24 0.58 0.43 0.52 0.00 0.28 | 0.07 0.05 0.16 0.05 0.11 0.04 0.03 0.00 0.93 0.10 0.02 0.02 | 0.26 0.15 0.65 0.32 0.43 0.18 0.13 0.31 0.36 0.39 0.37 0.39 | 0.56 0.21 0.24 0.48 0.49 0.84 0.24 0.60 0.43 0.56 0.00 0.28 | 0.07 0.04 0.17 0.07 0.14 0.05 0.03 0.00 0.93 0.12 0.02 0.03 | 0.27 0.13 0.68 0.37 0.52 0.21 0.13 0.34 0.36 0.43 0.37 0.38 | 0.53 0.21 0.24 0.44 0.42 0.93 0.27 0.58 0.46 0.54 0.00 0.21 | 0.06 0.04 0.17 0.05 0.12 0.05 0.03 0.00 0.93 0.11 0.02 0.02 | 0.24 0.13 0.68 0.32 0.45 0.24 0.17 0.31 0.39 0.41 0.39 0.30 |
INTP_M_AB      0.62 0.27 0.19 0.43 0.41 0.85 0.23 0.62 0.42 0.57 0.00 0.27 | 0.09 0.06 0.16 0.05 0.11 0.05 0.03 0.00 0.93 0.12 0.01 0.02 | 0.33 0.19 0.63 0.31 0.43 0.23 0.13 0.35 0.36 0.44 0.37 0.39 | 0.65 0.24 0.22 0.47 0.51 0.92 0.23 0.67 0.42 0.66 0.00 0.27 | 0.09 0.05 0.17 0.06 0.14 0.08 0.03 0.00 0.93 0.14 0.01 0.02 | 0.36 0.16 0.66 0.35 0.54 0.30 0.13 0.41 0.36 0.53 0.37 0.37 | 0.59 0.23 0.21 0.43 0.42 0.98 0.26 0.62 0.46 0.58 0.00 0.21 | 0.08 0.04 0.17 0.05 0.12 0.06 0.03 0.00 0.93 0.12 0.02 0.02 | 0.30 0.15 0.66 0.31 0.45 0.30 0.16 0.35 0.39 0.46 0.38 0.30 |
INTP_F_AB      0.55 0.25 0.21 0.44 0.40 0.80 0.24 0.58 0.43 0.52 0.00 0.27 | 0.07 0.05 0.17 0.05 0.11 0.04 0.03 0.00 0.93 0.11 0.02 0.02 | 0.26 0.16 0.66 0.32 0.43 0.18 0.14 0.32 0.36 0.39 0.38 0.39 | 0.56 0.22 0.24 0.48 0.49 0.83 0.24 0.61 0.43 0.55 0.00 0.27 | 0.07 0.04 0.17 0.06 0.14 0.05 0.03 0.00 0.93 0.12 0.02 0.02 | 0.27 0.14 0.69 0.36 0.52 0.21 0.14 0.34 0.36 0.43 0.38 0.37 | 0.53 0.21 0.25 0.44 0.43 0.92 0.28 0.58 0.46 0.55 0.00 0.21 | 0.06 0.04 0.18 0.05 0.12 0.05 0.04 0.00 0.93 0.11 0.03 0.02 | 0.24 0.13 0.70 0.32 0.46 0.24 0.18 0.32 0.39 0.42 0.41 0.30 |
ENTP_M_O       0.68 0.35 0.22 0.44 0.40 0.81 0.25 0.62 0.45 0.54 0.00 0.26 | 0.11 0.08 0.17 0.05 0.11 0.04 0.03 0.00 0.95 0.11 0.02 0.02 | 0.40 0.26 0.66 0.33 0.43 0.19 0.15 0.36 0.38 0.41 0.40 0.37 | 0.68 0.30 0.24 0.47 0.48 0.85 0.25 0.65 0.45 0.58 0.00 0.25 | 0.11 0.06 0.17 0.06 0.14 0.06 0.03 0.00 0.95 0.13 0.02 0.02 | 0.39 0.22 0.68 0.35 0.51 0.22 0.15 0.38 0.38 0.45 0.40 0.35 | 0.63 0.27 0.28 0.44 0.44 0.94 0.30 0.62 0.48 0.58 0.00 0.20 | 0.09 0.06 0.19 0.05 0.13 0.05 0.04 0.00 0.95 0.13 0.04 0.01 | 0.34 0.19 0.72 0.33 0.47 0.26 0.20 0.36 0.41 0.45 0.44 0.29 |
ENTP_F_O       0.58 0.28 0.26 0.45 0.42 0.78 0.26 0.62 0.45 0.54 0.00 0.26 | 0.08 0.06 0.18 0.06 0.12 0.04 0.04 0.00 0.95 0.12 0.03 0.01 | 0.29 0.19 0.70 0.34 0.44 0.15 0.16 0.35 0.38 0.41 0.42 0.37 | 0.57 0.24 0.27 0.47 0.48 0.79 0.26 0.63 0.45 0.55 0.00 0.25 | 0.08 0.05 0.18 0.06 0.14 0.05 0.04 0.00 0.95 0.13 0.03 0.02 | 0.28 0.16 0.72 0.36 0.51 0.17 0.16 0.36 0.38 0.42 0.42 0.35 | 0.55 0.23 0.35 0.45 0.48 0.90 0.32 0.62 0.48 0.60 0.00 0.20 | 0.07 0.05 0.21 0.06 0.14 0.05 0.05 0.00 0.95 0.14 0.05 0.01 | 0.26 0.15 0.80 0.34 0.51 0.21 0.21 0.35 0.41 0.47 0.49 0.29 |
ENTP_M_A       0.63 0.30 0.21 0.44 0.41 0.82 0.24 0.62 0.43 0.55 0.00 0.27 | 0.09 0.06 0.16 0.05 0.11 0.05 0.03 0.00 0.94 0.11 0.02 0.02 | 0.34 0.21 0.65 0.32 0.43 0.20 0.14 0.35 0.36 0.42 0.38 0.38 | 0.64 0.26 0.23 0.47 0.50 0.87 0.24 0.65 0.43 0.61 0.00 0.26 | 0.09 0.05 0.17 0.06 0.14 0.06 0.03 0.00 0.94 0.13 0.02 0.02 | 0.35 0.18 0.68 0.36 0.53 0.25 0.14 0.39 0.36 0.48 0.38 0.37 | 0.59 0.24 0.25 0.44 0.43 0.95 0.28 0.62 0.46 0.58 0.00 0.21 | 0.08 0.05 0.18 0.05 0.12 0.05 0.04 0.00 0.94 0.12 0.03 0.01 | 0.30 0.16 0.69 0.32 0.46 0.27 0.18 0.35 0.40 0.45 0.41 0.29 |
ENTP_F_A       0.56 0.26 0.25 0.46 0.42 0.79 0.26 0.61 0.44 0.53 0.00 0.27 | 0.07 0.05 0.18 0.06 0.12 0.04 0.04 0.00 0.94 0.12 0.03 0.02 | 0.27 0.17 0.69 0.34 0.45 0.16 0.15 0.34 0.37 0.41 0.41 0.38 | 0.56 0.23 0.28 0.49 0.50 0.81 0.26 0.62 0.44 0.56 0.00 0.26 | 0.08 0.04 0.18 0.07 0.15 0.05 0.04 0.00 0.94 0.13 0.03 0.02 | 0.27 0.15 0.72 0.38 0.53 0.18 0.15 0.36 0.37 0.43 0.41 0.37 | 0.54 0.22 0.33 0.46 0.47 0.91 0.30 0.61 0.47 0.58 0.00 0.21 | 0.07 0.04 0.20 0.06 0.13 0.05 0.04 0.00 0.94 0.13 0.04 0.01 | 0.25 0.14 0.77 0.34 0.50 0.22 0.20 0.34 0.40 0.46 0.46 0.29 |
ENTP_M_B       0.62 0.30 0.20 0.43 0.39 0.80 0.24 0.61 0.44 0.53 0.00 0.26 | 0.09 0.06 0.16 0.05 0.11 0.04 0.03 0.00 0.94 0.11 0.02 0.01 | 0.33 0.21 0.65 0.32 0.42 0.18 0.14 0.34 0.37 0.40 0.39 0.37 | 0.62 0.26 0.22 0.45 0.46 0.83 0.24 0.63 0.44 0.56 0.00 0.25 | 0.09 0.05 0.17 0.06 0.13 0.05 0.03 0.00 0.94 0.12 0.02 0.02 | 0.33 0.18 0.66 0.34 0.49 0.21 0.14 0.36 0.37 0.43 0.39 0.35 | 0.58 0.24 0.25 0.43 0.42 0.92 0.28 0.61 0.47 0.56 0.00 0.20 | 0.08 0.05 0.18 0.05 0.12 0.05 0.04 0.00 0.94 0.12 0.03 0.01 | 0.29 0.16 0.70 0.32 0.45 0.24 0.18 0.34 0.40 0.43 0.42 0.29 |
ENTP_F_B       0.56 0.26 0.25 0.45 0.41 0.78 0.26 0.61 0.44 0.53 0.00 0.26 | 0.07 0.05 0.18 0.06 0.12 0.04 0.04 0.00 0.95 0.12 0.03 0.01 | 0.27 0.17 0.70 0.34 0.44 0.15 0.16 0.35 0.37 0.40 0.42 0.37 | 0.55 0.23 0.27 0.47 0.48 0.79 0.26 0.62 0.44 0.55 0.00 0.25 | 0.08 0.04 0.18 0.06 0.14 0.05 0.04 0.00 0.95 0.13 0.03 0.02 | 0.26 0.15 0.71 0.36 0.51 0.17 0.16 0.35 0.37 0.42 0.42 0.35 | 0.53 0.22 0.34 0.45 0.47 0.90 0.31 0.61 0.48 0.59 0.00 0.20 | 0.07 0.04 0.20 0.06 0.14 0.05 0.05 0.00 0.95 0.14 0.05 0.01 | 0.24 0.14 0.79 0.34 0.50 0.21 0.21 0.35 0.41 0.46 0.48 0.29 |
ENTP_M_AB      0.62 0.29 0.20 0.43 0.39 0.81 0.24 0.61 0.43 0.53 0.00 0.26 | 0.09 0.06 0.16 0.05 0.11 0.04 0.03 0.00 0.94 0.11 0.02 0.02 | 0.33 0.21 0.64 0.31 0.42 0.19 0.14 0.34 0.36 0.41 0.38 0.37 | 0.62 0.25 0.22 0.45 0.47 0.85 0.24 0.64 0.43 0.58 0.00 0.25 | 0.09 0.05 0.17 0.06 0.13 0.05 0.03 0.00 0.94 0.12 0.02 0.02 | 0.33 0.17 0.66 0.34 0.50 0.23 0.14 0.37 0.36 0.45 0.38 0.35 | 0.58 0.24 0.24 0.43 0.42 0.94 0.28 0.61 0.46 0.56 0.00 0.20 | 0.07 0.05 0.17 0.05 0.12 0.05 0.04 0.00 0.94 0.12 0.03 0.01 | 0.29 0.16 0.69 0.31 0.45 0.25 0.18 0.34 0.40 0.44 0.41 0.29 |
ENTP_F_AB      0.56 0.26 0.24 0.45 0.41 0.78 0.26 0.61 0.44 0.53 0.00 0.26 | 0.07 0.05 0.17 0.05 0.12 0.04 0.04 0.00 0.95 0.12 0.03 0.02 | 0.27 0.17 0.69 0.33 0.44 0.16 0.15 0.34 0.37 0.40 0.41 0.37 | 0.55 0.23 0.26 0.47 0.48 0.80 0.26 0.62 0.44 0.55 0.00 0.25 | 0.08 0.04 0.18 0.06 0.14 0.05 0.04 0.00 0.95 0.13 0.03 0.02 | 0.26 0.15 0.70 0.36 0.51 0.18 0.15 0.35 0.37 0.42 0.41 0.35 | 0.53 0.22 0.32 0.45 0.46 0.90 0.31 0.61 0.47 0.58 0.00 0.20 | 0.06 0.04 0.20 0.05 0.13 0.05 0.04 0.00 0.95 0.13 0.04 0.01 | 0.24 0.14 0.76 0.33 0.49 0.22 0.20 0.34 0.40 0.45 0.46 0.29 |
INFJ_M_O       0.46 0.19 0.15 0.44 0.34 0.78 0.24 0.62 0.45 0.47 0.00 0.25 | 0.05 0.03 0.15 0.05 0.10 0.06 0.04 0.00 1.00 0.10 0.01 0.01 | 0.17 0.10 0.59 0.32 0.37 0.16 0.13 0.35 0.38 0.34 0.36 0.36 | 0.46 0.17 0.16 0.45 0.38 0.79 0.24 0.62 0.45 0.48 0.00 0.23 | 0.05 0.03 0.15 0.05 0.12 0.08 0.04 0.00 1.00 0.12 0.01 0.01 | 0.18 0.09 0.60 0.33 0.41 0.17 0.13 0.35 0.38 0.35 0.36 0.33 | 0.46 0.17 0.17 0.44 0.35 0.91 0.27 0.62 0.49 0.48 0.00 0.19 | 0.05 0.03 0.15 0.05 0.10 0.08 0.05 0.00 1.00 0.11 0.02 0.01 | 0.17 0.09 0.61 0.32 0.38 0.22 0.17 0.35 0.42 0.35 0.38 0.28 |
INFJ_F_O       0.46 0.19 0.16 0.46 0.34 0.76 0.24 0.63 0.45 0.47 0.00 0.25 | 0.05 0.03 0.15 0.06 0.10 0.06 0.04 0.00 1.00 0.10 0.02 0.01 | 0.17 0.10 0.61 0.34 0.37 0.14 0.13 0.36 0.38 0.34 0.37 0.36 | 0.46 0.17 0.17 0.46 0.39 0.77 0.24 0.63 0.45 0.47 0.00 0.23 | 0.05 0.03 0.15 0.06 0.12 0.07 0.04 0.00 1.00 0.12 0.02 0.01 | 0.17 0.09 0.61 0.35 0.42 0.15 0.13 0.37 0.38 0.35 0.37 0.33 | 0.46 0.17 0.20 0.46 0.37 0.89 0.27 0.63 0.48 0.49 0.00 0.19 | 0.05 0.03 0.16 0.06 0.11 0.08 0.05 0.00 1.00 0.11 0.02 0.01 | 0.17 0.09 0.64 0.34 0.39 0.20 0.17 0.36 0.42 0.36 0.39 0.28 |
INFJ_M_A       0.46 0.19 0.16 0.43 0.34 0.77 0.24 0.60 0.44 0.47 0.00 0.25 | 0.05 0.03 0.15 0.05 0.10 0.05 0.04 0.00 0.98 0.10 0.02 0.01 | 0.17 0.10 0.61 0.32 0.37 0.15 0.13 0.34 0.37 0.35 0.37 0.36 | 0.46 0.17 0.17 0.44 0.39 0.78 0.24 0.61 0.44 0.48 0.00 0.23 | 0.05 0.03 0.15 0.05 0.12 0.07 0.04 0.00 0.98 0.12 0.02 0.01 | 0.17 0.09 0.61 0.32 0.42 0.16 0.13 0.34 0.37 0.36 0.37 0.33 | 0.46 0.17 0.19 0.43 0.36 0.89 0.27 0.60 0.47 0.49 0.00 0.19 | 0.05 0.03 0.16 0.05 0.10 0.07 0.05 0.00 1.00 0.11 0.02 0.01 | 0.17 0.09 0.63 0.32 0.39 0.21 0.17 0.34 0.41 0.37 0.39 0.28 |
INFJ_F_A       0.46 0.19 0.19 0.46 0.36 0.76 0.24 0.63 0.45 0.49 0.00 0.25 | 0.05 0.03 0.16 0.06 0.10 0.05 0.04 0.00 0.99 0.11 0.02 0.01 | 0.17 0.10 0.63 0.34 0.39 0.14 0.14 0.37 0.38 0.36 0.39 0.36 | 0.46 0.17 0.19 0.46 0.40 0.77 0.24 0.64 0.45 0.49 0.00 0.23 | 0.05 0.03 0.16 0.06 0.12 0.07 0.04 0.00 0.99 0.12 0.02 0.01 | 0.17 0.09 0.64 0.35 0.43 0.15 0.14 0.37 0.38 0.36 0.39 0.33 | 0.46 0.17 0.24 0.46 0.40 0.89 0.29 0.63 0.49 0.52 0.00 0.19 | 0.05 0.03 0.17 0.06 0.12 0.07 0.05 0.00 1.00 0.12 0.03 0.01 | 0.17 0.09 0.69 0.34 0.42 0.20 0.18 0.37 0.42 0.39 0.42 0.28 |
INFJ_M_B       0.47 0.19 0.16 0.43 0.35 0.79 0.23 0.60 0.44 0.48 0.00 0.25 | 0.05 0.03 0.15 0.05 0.10 0.05 0.04 0.00 0.98 0.10 0.01 0.01 | 0.18 0.10 0.60 0.31 0.38 0.16 0.13 0.33 0.37 0.35 0.36 0.37 | 0.48 0.17 0.17 0.44 0.41 0.80 0.23 0.62 0.44 0.51 0.00 0.24 | 0.05 0.03 0.15 0.05 0.12 0.07 0.04 0.00 0.98 0.11 0.01 0.01 | 0.19 0.09 0.61 0.33 0.44 0.18 0.13 0.35 0.37 0.38 0.36 0.34 | 0.47 0.17 0.17 0.43 0.36 0.91 0.26 0.60 0.47 0.49 0.00 0.19 | 0.05 0.03 0.15 0.05 0.10 0.07 0.04 0.00 1.00 0.10 0.02 0.01 | 0.18 0.09 0.62 0.31 0.39 0.22 0.16 0.33 0.40 0.37 0.37 0.28 |
INFJ_F_B       0.46 0.19 0.17 0.45 0.36 0.77 0.24 0.62 0.45 0.48 0.00 0.25 | 0.05 0.03 0.15 0.06 0.10 0.05 0.04 0.00 0.98 0.10 0.02 0.01 | 0.17 0.10 0.62 0.34 0.38 0.15 0.13 0.35 0.38 0.35 0.37 0.37 | 0.46 0.17 0.18 0.47 0.41 0.78 0.24 0.62 0.45 0.49 0.00 0.24 | 0.05 0.03 0.16 0.06 0.12 0.07 0.04 0.00 0.98 0.12 0.02 0.01 | 0.18 0.09 0.63 0.35 0.44 0.16 0.13 0.36 0.38 0.36 0.37 0.34 | 0.46 0.17 0.20 0.45 0.38 0.89 0.27 0.62 0.48 0.50 0.00 0.19 | 0.05 0.03 0.16 0.06 0.11 0.07 0.05 0.00 1.00 0.11 0.02 0.01 | 0.17 0.09 0.65 0.34 0.40 0.21 0.17 0.35 0.41 0.37 0.39 0.28 |
INFJ_M_AB      0.47 0.19 0.16 0.43 0.35 0.78 0.23 0.60 0.44 0.48 0.00 0.27 | 0.05 0.03 0.15 0.05 0.10 0.05 0.04 0.00 0.97 0.10 0.02 0.02 | 0.18 0.10 0.60 0.31 0.38 0.16 0.13 0.33 0.37 0.35 0.38 0.38 | 0.48 0.17 0.17 0.44 0.41 0.80 0.23 0.61 0.44 0.50 0.00 0.24 | 0.05 0.03 0.15 0.05 0.12 0.06 0.04 0.00 0.97 0.12 0.02 0.02 | 0.19 0.09 0.62 0.33 0.44 0.18 0.13 0.34 0.37 0.37 0.37 0.35 | 0.47 0.17 0.18 0.43 0.37 0.90 0.26 0.60 0.47 0.49 0.00 0.20 | 0.05 0.03 0.16 0.05 0.10 0.07 0.04 0.00 0.99 0.10 0.02 0.01 | 0.18 0.09 0.62 0.31 0.39 0.22 0.16 0.33 0.40 0.37 0.38 0.29 |
INFJ_F_AB      0.46 0.19 0.18 0.45 0.36 0.77 0.24 0.61 0.45 0.48 0.00 0.26 | 0.05 0.03 0.16 0.06 0.10 0.05 0.04 0.00 0.98 0.10 0.02 0.02 | 0.17 0.10 0.62 0.34 0.39 0.15 0.14 0.35 0.38 0.35 0.39 0.38 | 0.46 0.17 0.19 0.47 0.41 0.78 0.24 0.62 0.45 0.49 0.00 0.24 | 0.05 0.03 0.16 0.06 0.12 0.06 0.04 0.00 0.98 0.12 0.02 0.02 | 0.17 0.09 0.64 0.35 0.44 0.16 0.14 0.35 0.38 0.36 0.38 0.35 | 0.46 0.17 0.22 0.45 0.39 0.89 0.27 0.61 0.48 0.50 0.00 0.20 | 0.05 0.03 0.17 0.06 0.11 0.07 0.05 0.00 1.00 0.11 0.03 0.01 | 0.17 0.09 0.66 0.34 0.41 0.21 0.17 0.35 0.41 0.38 0.40 0.28 |
ESTP_M_O       0.48 0.19 0.21 0.47 0.42 0.81 0.23 0.55 0.42 0.49 0.06 0.51 | 0.05 0.03 0.17 0.06 0.12 0.04 0.03 0.00 0.92 0.10 0.08 0.09 | 0.19 0.10 0.66 0.35 0.45 0.19 0.13 0.29 0.35 0.37 0.57 0.63 | 0.50 0.17 0.28 0.56 0.55 0.84 0.23 0.58 0.42 0.53 0.00 0.43 | 0.05 0.03 0.19 0.09 0.16 0.06 0.03 0.00 0.92 0.12 0.04 0.07 | 0.21 0.09 0.73 0.44 0.58 0.22 0.13 0.31 0.35 0.41 0.46 0.53 | 0.48 0.17 0.22 0.47 0.42 0.94 0.26 0.55 0.46 0.50 0.00 0.29 | 0.05 0.03 0.17 0.06 0.12 0.05 0.03 0.00 0.92 0.10 0.03 0.04 | 0.19 0.09 0.66 0.35 0.45 0.26 0.16 0.29 0.39 0.37 0.42 0.38 |
ESTP_F_O       0.46 0.19 0.21 0.46 0.40 0.78 0.23 0.53 0.42 0.46 0.00 0.43 | 0.05 0.03 0.16 0.06 0.12 0.04 0.03 0.00 0.92 0.10 0.05 0.07 | 0.17 0.10 0.65 0.34 0.43 0.15 0.12 0.27 0.35 0.34 0.50 0.55 | 0.47 0.17 0.27 0.53 0.51 0.79 0.23 0.54 0.42 0.48 0.00 0.38 | 0.05 0.03 0.18 0.08 0.15 0.05 0.03 0.00 0.92 0.11 0.03 0.06 | 0.18 0.09 0.71 0.42 0.54 0.17 0.12 0.28 0.35 0.35 0.42 0.48 | 0.46 0.17 0.21 0.46 0.41 0.90 0.25 0.53 0.45 0.47 0.00 0.26 | 0.05 0.03 0.17 0.06 0.12 0.05 0.03 0.00 0.92 0.10 0.03 0.03 | 0.17 0.09 0.66 0.34 0.43 0.21 0.15 0.27 0.38 0.34 0.40 0.35 |
ESTP_M_A       0.49 0.19 0.20 0.46 0.42 0.82 0.23 0.57 0.42 0.52 0.00 0.45 | 0.05 0.03 0.16 0.06 0.12 0.05 0.03 0.00 0.92 0.10 0.06 0.07 | 0.20 0.10 0.65 0.34 0.45 0.20 0.12 0.30 0.35 0.39 0.50 0.56 | 0.52 0.17 0.27 0.53 0.55 0.87 0.23 0.61 0.42 0.57 0.00 0.39 | 0.06 0.03 0.18 0.08 0.15 0.06 0.03 0.00 0.92 0.12 0.03 0.06 | 0.23 0.09 0.71 0.42 0.58 0.25 0.12 0.34 0.35 0.44 0.43 0.49 | 0.49 0.17 0.21 0.46 0.42 0.95 0.25 0.57 0.45 0.52 0.00 0.27 | 0.05 0.03 0.16 0.06 0.12 0.05 0.03 0.00 0.92 0.10 0.02 0.03 | 0.20 0.09 0.65 0.34 0.45 0.26 0.15 0.30 0.38 0.39 0.40 0.36 |
ESTP_F_A       0.47 0.19 0.21 0.46 0.41 0.79 0.23 0.54 0.42 0.47 0.00 0.41 | 0.05 0.03 0.16 0.06 0.12 0.04 0.03 0.00 0.92 0.10 0.05 0.06 | 0.18 0.10 0.65 0.34 0.43 0.16 0.12 0.27 0.35 0.35 0.47 0.52 | 0.48 0.17 0.27 0.54 0.52 0.80 0.23 0.56 0.42 0.50 0.00 0.37 | 0.05 0.03 0.18 0.08 0.15 0.05 0.03 0.00 0.92 0.11 0.03 0.06 | 0.19 0.09 0.71 0.42 0.55 0.18 0.12 0.29 0.35 0.37 0.41 0.47 | 0.47 0.17 0.22 0.46 0.41 0.91 0.25 0.54 0.45 0.48 0.00 0.26 | 0.05 0.03 0.17 0.06 0.12 0.05 0.03 0.00 0.92 0.10 0.02 0.03 | 0.18 0.09 0.66 0.34 0.44 0.22 0.15 0.27 0.38 0.35 0.39 0.35 |
ESTP_M_B       0.48 0.19 0.20 0.45 0.40 0.80 0.23 0.56 0.42 0.49 0.00 0.43 | 0.05 0.03 0.16 0.06 0.11 0.04 0.03 0.00 0.93 0.10 0.06 0.07 | 0.19 0.10 0.64 0.33 0.43 0.18 0.12 0.29 0.35 0.36 0.51 0.55 | 0.49 0.17 0.25 0.51 0.51 0.83 0.23 0.58 0.42 0.53 0.00 0.37 | 0.05 0.03 0.18 0.07 0.15 0.05 0.03 0.00 0.93 0.11 0.03 0.05 | 0.20 0.09 0.69 0.40 0.54 0.20 0.12 0.31 0.35 0.40 0.43 0.47 | 0.48 0.17 0.21 0.45 0.41 0.92 0.26 0.56 0.45 0.50 0.00 0.26 | 0.05 0.03 0.17 0.06 0.11 0.05 0.03 0.00 0.93 0.10 0.03 0.03 | 0.19 0.09 0.65 0.33 0.44 0.24 0.15 0.29 0.38 0.37 0.41 0.35 |
ESTP_F_B       0.46 0.19 0.21 0.45 0.40 0.78 0.23 0.55 0.42 0.47 0.00 0.40 | 0.05 0.03 0.17 0.06 0.11 0.04 0.03 0.00 0.93 0.10 0.05 0.06 | 0.17 0.10 0.65 0.34 0.43 0.15 0.13 0.28 0.35 0.35 0.48 0.51 | 0.47 0.17 0.26 0.52 0.50 0.79 0.23 0.56 0.42 0.49 0.00 0.35 | 0.05 0.03 0.18 0.08 0.15 0.05 0.03 0.00 0.93 0.12 0.03 0.05 | 0.18 0.09 0.71 0.40 0.53 0.17 0.13 0.29 0.35 0.36 0.42 0.46 | 0.46 0.17 0.23 0.45 0.41 0.90 0.26 0.55 0.45 0.49 0.00 0.25 | 0.05 0.03 0.17 0.06 0.12 0.05 0.03 0.00 0.93 0.11 0.03 0.03 | 0.17 0.09 0.68 0.34 0.44 0.21 0.16 0.28 0.38 0.36 0.41 0.34 |
ESTP_M_AB      0.48 0.19 0.20 0.45 0.40 0.80 0.23 0.56 0.42 0.50 0.00 0.41 | 0.05 0.03 0.16 0.05 0.11 0.04 0.03 0.00 0.93 0.10 0.05 0.06 | 0.19 0.10 0.64 0.33 0.43 0.18 0.12 0.30 0.35 0.37 0.49 0.53 | 0.50 0.17 0.25 0.51 0.51 0.84 0.23 0.59 0.42 0.54 0.00 0.36 | 0.05 0.03 0.18 0.07 0.14 0.06 0.03 0.00 0.93 0.11 0.03 0.05 | 0.21 0.09 0.69 0.39 0.54 0.22 0.12 0.32 0.35 0.41 0.42 0.46 | 0.48 0.17 0.21 0.45 0.41 0.93 0.25 0.56 0.45 0.50 0.00 0.25 | 0.05 0.03 0.16 0.05 0.11 0.05 0.03 0.00 0.93 0.10 0.03 0.03 | 0.19 0.09 0.65 0.33 0.43 0.24 0.15 0.30 0.38 0.38 0.40 0.34 |
ESTP_F_AB      0.46 0.19 0.21 0.45 0.40 0.78 0.23 0.55 0.42 0.47 0.00 0.38 | 0.05 0.03 0.16 0.06 0.11 0.04 0.03 0.00 0.93 0.10 0.04 0.05 | 0.18 0.10 0.65 0.34 0.42 0.16 0.13 0.28 0.35 0.35 0.46 0.50 | 0.47 0.17 0.26 0.51 0.50 0.79 0.23 0.56 0.42 0.49 0.00 0.34 | 0.05 0.03 0.18 0.08 0.15 0.06 0.03 0.00 0.93 0.11 0.03 0.05 | 0.18 0.09 0.70 0.40 0.53 0.17 0.13 0.29 0.35 0.36 0.41 0.45 | 0.46 0.17 0.22 0.45 0.41 0.90 0.26 0.55 0.45 0.49 0.00 0.25 | 0.05 0.03 0.17 0.06 0.12 0.05 0.03 0.00 0.93 0.10 0.03 0.03 | 0.18 0.09 0.67 0.34 0.44 0.22 0.16 0.28 0.39 0.36 0.40 0.33 |
ISTP_M_O       0.52 0.19 0.21 0.47 0.45 0.88 0.23 0.61 0.42 0.58 0.00 0.39 | 0.06 0.03 0.16 0.06 0.12 0.06 0.03 0.00 0.93 0.12 0.03 0.05 | 0.23 0.10 0.65 0.35 0.47 0.26 0.12 0.34 0.35 0.45 0.43 0.50 | 0.57 0.17 0.28 0.56 0.60 0.97 0.23 0.68 0.42 0.68 0.00 0.37 | 0.07 0.03 0.19 0.09 0.17 0.09 0.03 0.00 0.93 0.15 0.02 0.05 | 0.28 0.09 0.72 0.44 0.64 0.35 0.12 0.41 0.35 0.55 0.39 0.47 | 0.52 0.17 0.21 0.47 0.45 1.00 0.26 0.61 0.46 0.58 0.00 0.26 | 0.06 0.03 0.16 0.06 0.12 0.07 0.03 0.00 0.93 0.12 0.02 0.03 | 0.23 0.09 0.65 0.35 0.47 0.34 0.15 0.34 0.39 0.45 0.37 0.35 |
ISTP_F_O       0.48 0.19 0.20 0.46 0.40 0.80 0.22 0.55 0.42 0.49 0.00 0.35 | 0.05 0.03 0.16 0.06 0.11 0.04 0.03 0.00 0.93 0.10 0.02 0.04 | 0.19 0.10 0.64 0.34 0.43 0.18 0.12 0.29 0.35 0.36 0.40 0.46 | 0.50 0.17 0.26 0.53 0.53 0.83 0.22 0.58 0.42 0.53 0.00 0.34 | 0.05 0.03 0.18 0.08 0.15 0.06 0.03 0.00 0.93 0.11 0.02 0.05 | 0.21 0.09 0.70 0.42 0.56 0.21 0.12 0.31 0.35 0.40 0.37 0.45 | 0.48 0.17 0.20 0.46 0.41 0.93 0.25 0.55 0.45 0.49 0.00 0.24 | 0.05 0.03 0.16 0.06 0.11 0.05 0.03 0.00 0.93 0.10 0.01 0.03 | 0.19 0.09 0.64 0.34 0.43 0.24 0.14 0.29 0.38 0.36 0.36 0.33 |
ISTP_M_A       0.50 0.19 0.20 0.46 0.42 0.84 0.22 0.58 0.42 0.54 0.00 0.41 | 0.05 0.03 0.16 0.06 0.12 0.05 0.03 0.00 0.93 0.11 0.04 0.06 | 0.21 0.10 0.64 0.34 0.45 0.22 0.12 0.32 0.35 0.41 0.46 0.52 | 0.54 0.17 0.26 0.53 0.56 0.91 0.22 0.63 0.42 0.61 0.00 0.37 | 0.06 0.03 0.18 0.08 0.16 0.07 0.03 0.00 0.93 0.13 0.03 0.06 | 0.25 0.09 0.71 0.42 0.59 0.28 0.12 0.37 0.35 0.48 0.40 0.47 | 0.50 0.17 0.20 0.46 0.42 0.97 0.25 0.58 0.45 0.54 0.00 0.26 | 0.05 0.03 0.16 0.06 0.12 0.06 0.03 0.00 0.93 0.11 0.02 0.03 | 0.21 0.09 0.64 0.34 0.45 0.29 0.14 0.32 0.38 0.41 0.38 0.35 |
ISTP_F_A       0.47 0.19 0.20 0.46 0.40 0.79 0.22 0.55 0.42 0.48 0.00 0.38 | 0.05 0.03 0.16 0.06 0.11 0.04 0.03 0.00 0.93 0.10 0.04 0.05 | 0.18 0.10 0.64 0.34 0.43 0.17 0.12 0.28 0.35 0.35 0.43 0.50 | 0.49 0.17 0.26 0.54 0.52 0.82 0.22 0.57 0.42 0.51 0.00 0.36 | 0.05 0.03 0.18 0.08 0.15 0.06 0.03 0.00 0.93 0.11 0.02 0.05 | 0.20 0.09 0.71 0.42 0.55 0.20 0.12 0.30 0.35 0.38 0.39 0.46 | 0.47 0.17 0.20 0.46 0.40 0.92 0.25 0.55 0.45 0.48 0.00 0.25 | 0.05 0.03 0.16 0.06 0.11 0.05 0.03 0.00 0.93 0.10 0.02 0.03 | 0.18 0.09 0.64 0.34 0.43 0.23 0.14 0.28 0.38 0.35 0.37 0.34 |
ISTP_M_B       0.50 0.19 0.19 0.45 0.41 0.84 0.22 0.59 0.42 0.54 0.00 0.36 | 0.05 0.03 0.16 0.06 0.11 0.05 0.03 0.00 0.93 0.11 0.03 0.04 | 0.21 0.10 0.63 0.33 0.44 0.22 0.12 0.32 0.35 0.41 0.42 0.47 | 0.54 0.17 0.24 0.51 0.54 0.91 0.22 0.64 0.42 0.61 0.00 0.33 | 0.06 0.03 0.17 0.07 0.15 0.07 0.03 0.00 0.93 0.13 0.02 0.04 | 0.25 0.09 0.68 0.40 0.57 0.28 0.12 0.38 0.35 0.48 0.38 0.44 | 0.50 0.17 0.19 0.45 0.41 0.97 0.25 0.59 0.45 0.54 0.00 0.24 | 0.05 0.03 0.16 0.06 0.11 0.06 0.03 0.00 0.94 0.11 0.02 0.02 | 0.21 0.09 0.63 0.33 0.44 0.29 0.14 0.32 0.38 0.41 0.37 0.33 |
ISTP_F_B       0.47 0.19 0.19 0.45 0.39 0.79 0.22 0.56 0.42 0.48 0.00 0.34 | 0.05 0.03 0.16 0.06 0.11 0.05 0.03 0.00 0.94 0.10 0.02 0.04 | 0.18 0.10 0.63 0.34 0.42 0.17 0.12 0.29 0.35 0.35 0.40 0.45 | 0.49 0.17 0.24 0.52 0.50 0.82 0.22 0.58 0.42 0.51 0.00 0.33 | 0.05 0.03 0.17 0.08 0.14 0.06 0.03 0.00 0.94 0.11 0.02 0.04 | 0.20 0.09 0.68 0.40 0.53 0.20 0.12 0.31 0.35 0.38 0.37 0.43 | 0.47 0.17 0.19 0.45 0.39 0.92 0.25 0.56 0.45 0.48 0.00 0.24 | 0.05 0.03 0.16 0.06 0.11 0.05 0.03 0.00 0.94 0.10 0.01 0.02 | 0.18 0.09 0.63 0.34 0.42 0.23 0.14 0.29 0.38 0.35 0.36 0.33 |
ISTP_M_AB      0.50 0.19 0.19 0.45 0.41 0.83 0.22 0.59 0.42 0.53 0.00 0.37 | 0.05 0.03 0.16 0.05 0.11 0.05 0.03 0.00 0.93 0.10 0.03 0.05 | 0.21 0.10 0.63 0.33 0.43 0.21 0.12 0.32 0.35 0.40 0.43 0.48 | 0.53 0.17 0.24 0.51 0.53 0.89 0.22 0.63 0.42 0.59 0.00 0.34 | 0.06 0.03 0.17 0.07 0.15 0.07 0.03 0.00 0.93 0.12 0.02 0.04 | 0.24 0.09 0.68 0.39 0.56 0.27 0.12 0.36 0.35 0.47 0.39 0.44 | 0.50 0.17 0.19 0.45 0.41 0.96 0.25 0.59 0.45 0.53 0.00 0.24 | 0.05 0.03 0.16 0.05 0.11 0.06 0.03 0.00 0.94 0.10 0.02 0.02 | 0.21 0.09 0.63 0.33 0.44 0.28 0.15 0.32 0.38 0.40 0.38 0.33 |
ISTP_F_AB      0.47 0.19 0.19 0.45 0.39 0.79 0.23 0.56 0.42 0.48 0.00 0.35 | 0.05 0.03 0.16 0.06 0.11 0.05 0.03 0.00 0.94 0.10 0.03 0.04 | 0.18 0.10 0.63 0.34 0.42 0.17 0.12 0.29 0.35 0.35 0.41 0.46 | 0.48 0.17 0.24 0.51 0.49 0.81 0.23 0.58 0.42 0.50 0.00 0.33 | 0.05 0.03 0.17 0.08 0.14 0.06 0.03 0.00 0.94 0.11 0.02 0.04 | 0.20 0.09 0.68 0.40 0.53 0.19 0.12 0.31 0.35 0.38 0.38 0.43 | 0.47 0.17 0.20 0.45 0.39 0.91 0.25 0.56 0.45 0.48 0.00 0.24 | 0.05 0.03 0.16 0.06 0.11 0.05 0.03 0.00 0.94 0.10 0.02 0.02 | 0.18 0.09 0.64 0.34 0.42 0.23 0.15 0.29 0.39 0.35 0.37 0.33 |
ENFJ_M_O       0.45 0.19 0.20 0.44 0.36 0.77 0.25 0.61 0.45 0.49 0.00 0.26 | 0.05 0.03 0.16 0.05 0.11 0.05 0.04 0.00 0.97 0.11 0.03 0.02 | 0.17 0.10 0.64 0.32 0.39 0.15 0.15 0.34 0.38 0.36 0.41 0.38 | 0.45 0.17 0.20 0.45 0.41 0.77 0.25 0.61 0.45 0.49 0.00 0.24 | 0.05 0.03 0.16 0.05 0.13 0.06 0.04 0.00 0.97 0.13 0.03 0.01 | 0.17 0.09 0.64 0.33 0.44 0.15 0.15 0.34 0.38 0.36 0.40 0.34 | 0.45 0.17 0.25 0.44 0.40 0.90 0.30 0.61 0.49 0.52 0.00 0.19 | 0.05 0.03 0.18 0.05 0.12 0.06 0.05 0.00 0.98 0.12 0.04 0.01 | 0.17 0.09 0.69 0.32 0.43 0.21 0.19 0.34 0.42 0.40 0.43 0.28 |
ENFJ_F_O       0.45 0.19 0.23 0.46 0.39 0.76 0.26 0.63 0.45 0.51 0.00 0.26 | 0.05 0.03 0.17 0.06 0.11 0.05 0.04 0.00 0.97 0.12 0.03 0.01 | 0.17 0.10 0.68 0.34 0.42 0.14 0.16 0.36 0.38 0.38 0.43 0.37 | 0.45 0.17 0.24 0.46 0.43 0.76 0.26 0.63 0.45 0.51 0.00 0.23 | 0.05 0.03 0.17 0.06 0.13 0.06 0.04 0.00 0.97 0.13 0.03 0.01 | 0.17 0.09 0.68 0.35 0.46 0.14 0.16 0.36 0.38 0.38 0.42 0.33 | 0.45 0.17 0.32 0.46 0.45 0.88 0.31 0.63 0.48 0.57 0.00 0.19 | 0.05 0.03 0.20 0.06 0.13 0.06 0.05 0.00 0.98 0.13 0.05 0.01 | 0.17 0.09 0.76 0.34 0.47 0.20 0.21 0.36 0.42 0.44 0.48 0.28 |
ENFJ_M_A       0.45 0.19 0.17 0.43 0.35 0.76 0.24 0.60 0.44 0.47 0.00 0.26 | 0.05 0.03 0.15 0.05 0.10 0.05 0.04 0.00 0.97 0.11 0.02 0.02 | 0.17 0.10 0.62 0.32 0.38 0.14 0.14 0.33 0.37 0.34 0.40 0.37 | 0.45 0.17 0.18 0.44 0.39 0.76 0.24 0.60 0.44 0.47 0.00 0.23 | 0.05 0.03 0.16 0.05 0.12 0.06 0.04 0.00 0.97 0.12 0.02 0.01 | 0.17 0.09 0.62 0.32 0.42 0.14 0.14 0.33 0.37 0.35 0.39 0.34 | 0.45 0.17 0.21 0.43 0.38 0.88 0.28 0.60 0.47 0.50 0.00 0.19 | 0.05 0.03 0.17 0.05 0.11 0.06 0.05 0.00 0.99 0.11 0.03 0.01 | 0.17 0.09 0.66 0.32 0.40 0.20 0.17 0.33 0.41 0.37 0.41 0.28 |
ENFJ_F_A       0.45 0.19 0.21 0.46 0.38 0.76 0.25 0.63 0.45 0.50 0.00 0.26 | 0.05 0.03 0.17 0.06 0.11 0.05 0.04 0.00 0.98 0.11 0.03 0.01 | 0.17 0.10 0.66 0.34 0.40 0.14 0.15 0.36 0.38 0.37 0.42 0.37 | 0.45 0.17 0.22 0.46 0.42 0.76 0.25 0.63 0.45 0.50 0.00 0.23 | 0.05 0.03 0.17 0.06 0.13 0.06 0.04 0.00 0.98 0.13 0.03 0.01 | 0.17 0.09 0.66 0.35 0.45 0.14 0.15 0.36 0.38 0.37 0.41 0.33 | 0.45 0.17 0.28 0.46 0.42 0.88 0.30 0.63 0.49 0.54 0.00 0.19 | 0.05 0.03 0.19 0.06 0.12 0.06 0.05 0.00 1.00 0.13 0.04 0.01 | 0.17 0.09 0.72 0.34 0.45 0.20 0.20 0.36 0.42 0.42 0.45 0.28 |
ENFJ_M_B       0.45 0.19 0.18 0.43 0.36 0.76 0.24 0.58 0.44 0.47 0.00 0.29 | 0.05 0.03 0.16 0.05 0.10 0.05 0.04 0.00 0.96 0.11 0.03 0.03 | 0.17 0.10 0.63 0.31 0.39 0.14 0.14 0.32 0.37 0.34 0.42 0.41 | 0.45 0.17 0.19 0.44 0.41 0.76 0.24 0.58 0.44 0.47 0.00 0.26 | 0.05 0.03 0.16 0.05 0.12 0.06 0.04 0.00 0.96 0.12 0.03 0.02 | 0.17 0.09 0.64 0.33 0.44 0.14 0.14 0.32 0.37 0.35 0.40 0.36 | 0.45 0.17 0.22 0.43 0.38 0.88 0.28 0.58 0.47 0.50 0.00 0.20 | 0.05 0.03 0.17 0.05 0.11 0.06 0.04 0.00 0.97 0.11 0.03 0.01 | 0.17 0.09 0.66 0.31 0.41 0.20 0.17 0.32 0.40 0.37 0.42 0.29 |
ENFJ_F_B       0.45 0.19 0.22 0.45 0.38 0.76 0.25 0.61 0.45 0.50 0.00 0.28 | 0.05 0.03 0.17 0.06 0.11 0.05 0.04 0.00 0.97 0.11 0.04 0.02 | 0.17 0.10 0.66 0.34 0.41 0.14 0.15 0.34 0.38 0.37 0.44 0.40 | 0.45 0.17 0.23 0.47 0.43 0.76 0.25 0.61 0.45 0.50 0.00 0.25 | 0.05 0.03 0.17 0.06 0.13 0.06 0.04 0.00 0.97 0.13 0.03 0.02 | 0.17 0.09 0.68 0.35 0.46 0.14 0.15 0.34 0.38 0.37 0.42 0.35 | 0.45 0.17 0.29 0.45 0.43 0.88 0.30 0.61 0.48 0.54 0.00 0.20 | 0.05 0.03 0.19 0.06 0.13 0.06 0.05 0.00 0.98 0.13 0.04 0.01 | 0.17 0.09 0.73 0.34 0.46 0.20 0.20 0.34 0.41 0.42 0.46 0.29 |
ENFJ_M_AB      0.46 0.19 0.18 0.43 0.36 0.77 0.24 0.59 0.44 0.48 0.00 0.29 | 0.05 0.03 0.16 0.05 0.10 0.05 0.03 0.00 0.96 0.10 0.03 0.02 | 0.17 0.10 0.62 0.31 0.39 0.15 0.13 0.32 0.37 0.35 0.41 0.40 | 0.46 0.17 0.19 0.44 0.41 0.77 0.24 0.59 0.44 0.48 0.00 0.26 | 0.05 0.03 0.16 0.05 0.12 0.06 0.03 0.00 0.96 0.12 0.02 0.02 | 0.17 0.09 0.63 0.33 0.44 0.15 0.13 0.32 0.37 0.35 0.39 0.36 | 0.46 0.17 0.21 0.43 0.38 0.89 0.27 0.59 0.47 0.50 0.00 0.20 | 0.05 0.03 0.17 0.05 0.11 0.06 0.04 0.00 0.97 0.11 0.03 0.01 | 0.17 0.09 0.65 0.31 0.41 0.21 0.17 0.32 0.40 0.37 0.41 0.29 |
ENFJ_F_AB      0.46 0.19 0.21 0.45 0.38 0.76 0.25 0.61 0.45 0.49 0.00 0.28 | 0.05 0.03 0.17 0.06 0.11 0.05 0.04 0.00 0.97 0.11 0.03 0.02 | 0.17 0.10 0.65 0.34 0.41 0.14 0.15 0.34 0.38 0.37 0.43 0.39 | 0.46 0.17 0.22 0.47 0.43 0.77 0.25 0.61 0.45 0.50 0.00 0.25 | 0.05 0.03 0.17 0.06 0.13 0.06 0.04 0.00 0.97 0.13 0.03 0.02 | 0.17 0.09 0.67 0.35 0.46 0.15 0.15 0.34 0.38 0.37 0.41 0.35 | 0.46 0.17 0.27 0.45 0.42 0.88 0.29 0.61 0.48 0.53 0.00 0.20 | 0.05 0.03 0.18 0.06 0.12 0.06 0.05 0.00 0.98 0.12 0.04 0.01 | 0.17 0.09 0.72 0.34 0.45 0.20 0.19 0.34 0.41 0.41 0.45 0.29 |
INTJ_M_O       0.53 0.24 0.12 0.41 0.32 0.78 0.23 0.59 0.45 0.45 0.00 0.24 | 0.07 0.05 0.14 0.04 0.09 0.06 0.04 0.00 0.99 0.10 0.01 0.01 | 0.24 0.16 0.56 0.30 0.34 0.16 0.13 0.32 0.38 0.32 0.35 0.36 | 0.53 0.22 0.12 0.41 0.35 0.79 0.23 0.60 0.45 0.46 0.00 0.22 | 0.07 0.04 0.14 0.04 0.11 0.08 0.04 0.00 0.99 0.12 0.01 0.01 | 0.24 0.13 0.56 0.30 0.38 0.17 0.13 0.33 0.38 0.33 0.35 0.32 | 0.51 0.21 0.12 0.41 0.32 0.92 0.26 0.59 0.49 0.45 0.00 0.19 | 0.06 0.04 0.14 0.04 0.09 0.09 0.05 0.00 1.00 0.10 0.01 0.01 | 0.22 0.13 0.56 0.30 0.34 0.23 0.16 0.32 0.42 0.32 0.35 0.27 |
INTJ_F_O       0.50 0.22 0.12 0.42 0.31 0.77 0.23 0.60 0.45 0.44 0.00 0.24 | 0.06 0.04 0.14 0.05 0.09 0.06 0.04 0.00 0.99 0.10 0.01 0.01 | 0.21 0.13 0.56 0.31 0.34 0.15 0.12 0.33 0.38 0.32 0.35 0.35 | 0.49 0.20 0.12 0.42 0.35 0.77 0.23 0.60 0.45 0.45 0.00 0.22 | 0.06 0.03 0.14 0.05 0.10 0.07 0.04 0.00 0.99 0.11 0.01 0.01 | 0.21 0.12 0.56 0.31 0.38 0.15 0.12 0.34 0.38 0.32 0.35 0.32 | 0.49 0.19 0.12 0.42 0.31 0.89 0.25 0.60 0.48 0.44 0.00 0.19 | 0.05 0.03 0.14 0.05 0.09 0.08 0.04 0.00 1.00 0.10 0.01 0.01 | 0.20 0.11 0.56 0.31 0.34 0.21 0.15 0.33 0.41 0.32 0.35 0.27 |
INTJ_M_A       0.56 0.27 0.12 0.39 0.32 0.77 0.22 0.57 0.43 0.45 0.00 0.24 | 0.08 0.05 0.14 0.04 0.09 0.06 0.04 0.00 0.97 0.10 0.01 0.01 | 0.28 0.18 0.56 0.28 0.34 0.15 0.12 0.30 0.36 0.32 0.35 0.36 | 0.55 0.24 0.12 0.39 0.35 0.78 0.22 0.57 0.43 0.46 0.00 0.22 | 0.08 0.05 0.14 0.04 0.10 0.07 0.04 0.00 0.97 0.11 0.01 0.01 | 0.27 0.15 0.56 0.28 0.38 0.16 0.12 0.31 0.36 0.33 0.35 0.32 | 0.53 0.22 0.12 0.39 0.32 0.89 0.25 0.57 0.46 0.45 0.00 0.19 | 0.07 0.04 0.14 0.04 0.09 0.07 0.04 0.00 1.00 0.10 0.01 0.01 | 0.25 0.14 0.56 0.28 0.34 0.21 0.14 0.30 0.39 0.32 0.35 0.27 |
INTJ_F_A       0.53 0.24 0.12 0.41 0.31 0.76 0.22 0.58 0.44 0.44 0.00 0.24 | 0.07 0.05 0.14 0.04 0.09 0.06 0.04 0.00 0.98 0.10 0.01 0.01 | 0.24 0.15 0.56 0.30 0.34 0.14 0.12 0.32 0.37 0.32 0.35 0.35 | 0.52 0.21 0.12 0.41 0.35 0.77 0.22 0.59 0.44 0.45 0.00 0.22 | 0.07 0.04 0.14 0.04 0.10 0.07 0.04 0.00 0.98 0.11 0.01 0.01 | 0.23 0.13 0.56 0.30 0.38 0.15 0.12 0.32 0.37 0.32 0.35 0.32 | 0.51 0.21 0.12 0.41 0.31 0.89 0.25 0.58 0.47 0.44 0.00 0.19 | 0.06 0.04 0.14 0.04 0.09 0.07 0.04 0.00 1.00 0.10 0.01 0.01 | 0.22 0.13 0.56 0.30 0.34 0.20 0.14 0.32 0.40 0.32 0.35 0.27 |
INTJ_M_B       0.53 0.24 0.12 0.39 0.32 0.79 0.22 0.58 0.43 0.47 0.00 0.24 | 0.06 0.04 0.14 0.04 0.09 0.06 0.04 0.00 0.98 0.10 0.01 0.01 | 0.24 0.15 0.56 0.28 0.35 0.17 0.12 0.31 0.36 0.34 0.35 0.36 | 0.53 0.21 0.12 0.39 0.36 0.81 0.22 0.60 0.43 0.49 0.00 0.22 | 0.07 0.04 0.14 0.04 0.10 0.07 0.04 0.00 0.98 0.11 0.01 0.01 | 0.25 0.13 0.56 0.28 0.39 0.19 0.12 0.33 0.36 0.36 0.35 0.32 | 0.51 0.20 0.12 0.39 0.32 0.91 0.25 0.58 0.47 0.47 0.00 0.19 | 0.06 0.04 0.14 0.04 0.09 0.08 0.04 0.00 1.00 0.10 0.01 0.01 | 0.22 0.12 0.56 0.28 0.35 0.23 0.15 0.31 0.40 0.34 0.35 0.27 |
INTJ_F_B       0.50 0.22 0.12 0.41 0.32 0.77 0.22 0.59 0.44 0.45 0.00 0.24 | 0.06 0.04 0.14 0.04 0.09 0.06 0.04 0.00 0.98 0.10 0.01 0.01 | 0.21 0.13 0.56 0.30 0.34 0.15 0.12 0.32 0.37 0.32 0.35 0.35 | 0.50 0.20 0.12 0.41 0.35 0.78 0.22 0.59 0.44 0.46 0.00 0.22 | 0.06 0.03 0.14 0.04 0.10 0.07 0.04 0.00 0.98 0.11 0.01 0.01 | 0.21 0.12 0.56 0.30 0.38 0.16 0.12 0.33 0.37 0.33 0.35 0.32 | 0.49 0.19 0.12 0.41 0.32 0.90 0.25 0.59 0.47 0.45 0.00 0.19 | 0.05 0.03 0.14 0.04 0.09 0.08 0.04 0.00 1.00 0.10 0.01 0.01 | 0.20 0.11 0.56 0.30 0.34 0.21 0.15 0.32 0.40 0.32 0.35 0.27 |
INTJ_M_AB      0.54 0.25 0.12 0.39 0.32 0.78 0.22 0.57 0.43 0.46 0.00 0.26 | 0.07 0.05 0.14 0.04 0.09 0.06 0.04 0.00 0.97 0.10 0.01 0.01 | 0.25 0.16 0.57 0.28 0.35 0.16 0.12 0.30 0.36 0.34 0.36 0.37 | 0.54 0.22 0.13 0.40 0.37 0.80 0.22 0.59 0.43 0.48 0.00 0.23 | 0.07 0.04 0.14 0.04 0.11 0.07 0.04 0.00 0.97 0.11 0.01 0.01 | 0.25 0.14 0.57 0.28 0.40 0.18 0.12 0.32 0.36 0.36 0.35 0.33 | 0.52 0.21 0.12 0.39 0.32 0.90 0.25 0.57 0.46 0.46 0.00 0.19 | 0.06 0.04 0.14 0.04 0.09 0.07 0.04 0.00 1.00 0.10 0.01 0.01 | 0.23 0.13 0.57 0.28 0.35 0.22 0.14 0.30 0.39 0.34 0.35 0.28 |
INTJ_F_AB      0.51 0.23 0.12 0.41 0.32 0.77 0.22 0.58 0.43 0.45 0.00 0.25 | 0.06 0.04 0.14 0.04 0.09 0.06 0.04 0.00 0.98 0.10 0.01 0.01 | 0.22 0.14 0.57 0.29 0.35 0.15 0.12 0.31 0.37 0.32 0.36 0.37 | 0.51 0.20 0.13 0.41 0.36 0.78 0.22 0.58 0.43 0.46 0.00 0.23 | 0.06 0.04 0.14 0.04 0.11 0.07 0.04 0.00 0.98 0.11 0.01 0.01 | 0.22 0.12 0.57 0.30 0.39 0.16 0.12 0.32 0.37 0.33 0.35 0.33 | 0.49 0.20 0.12 0.41 0.32 0.89 0.25 0.58 0.47 0.45 0.00 0.19 | 0.06 0.03 0.14 0.04 0.09 0.07 0.04 0.00 1.00 0.10 0.01 0.01 | 0.21 0.12 0.57 0.29 0.35 0.21 0.14 0.31 0.40 0.32 0.35 0.28 |
ESFP_M_O       0.50 0.20 0.18 0.43 0.39 0.81 0.23 0.55 0.42 0.49 0.06 0.50 | 0.05 0.03 0.16 0.05 0.11 0.05 0.03 0.00 0.94 0.10 0.08 0.09 | 0.21 0.11 0.63 0.32 0.42 0.19 0.12 0.28 0.35 0.36 0.57 0.61 | 0.51 0.18 0.24 0.50 0.50 0.84 0.23 0.57 0.42 0.53 0.00 0.40 | 0.06 0.03 0.17 0.07 0.14 0.06 0.03 0.00 0.94 0.12 0.04 0.06 | 0.23 0.10 0.68 0.38 0.53 0.22 0.12 0.31 0.35 0.40 0.46 0.50 | 0.49 0.18 0.18 0.43 0.39 0.94 0.26 0.55 0.46 0.49 0.00 0.27 | 0.05 0.03 0.16 0.05 0.11 0.06 0.03 0.00 0.95 0.10 0.03 0.03 | 0.20 0.10 0.63 0.32 0.42 0.26 0.15 0.28 0.39 0.36 0.41 0.36 |
ESFP_F_O       0.47 0.20 0.18 0.42 0.37 0.78 0.22 0.53 0.41 0.46 0.00 0.42 | 0.05 0.03 0.15 0.05 0.11 0.05 0.03 0.00 0.94 0.10 0.05 0.06 | 0.18 0.11 0.62 0.31 0.40 0.15 0.12 0.26 0.35 0.33 0.49 0.53 | 0.48 0.18 0.22 0.48 0.47 0.79 0.22 0.53 0.41 0.47 0.00 0.35 | 0.05 0.03 0.17 0.07 0.14 0.06 0.03 0.00 0.94 0.11 0.03 0.05 | 0.19 0.10 0.66 0.37 0.50 0.17 0.12 0.27 0.35 0.34 0.42 0.46 | 0.47 0.18 0.18 0.42 0.37 0.90 0.25 0.53 0.45 0.46 0.00 0.25 | 0.05 0.03 0.15 0.05 0.11 0.06 0.03 0.00 0.95 0.10 0.02 0.03 | 0.18 0.10 0.62 0.31 0.40 0.21 0.14 0.26 0.38 0.33 0.39 0.34 |
ESFP_M_A       0.51 0.20 0.16 0.41 0.38 0.82 0.22 0.56 0.41 0.51 0.00 0.42 | 0.05 0.03 0.15 0.04 0.10 0.05 0.03 0.00 0.94 0.10 0.06 0.06 | 0.22 0.11 0.61 0.29 0.41 0.20 0.12 0.29 0.35 0.38 0.50 0.53 | 0.53 0.18 0.20 0.45 0.48 0.87 0.22 0.60 0.41 0.57 0.00 0.34 | 0.06 0.03 0.16 0.06 0.13 0.07 0.03 0.00 0.94 0.12 0.03 0.05 | 0.24 0.10 0.64 0.34 0.51 0.25 0.12 0.33 0.35 0.44 0.42 0.45 | 0.50 0.18 0.16 0.41 0.38 0.95 0.25 0.56 0.45 0.51 0.00 0.25 | 0.05 0.03 0.15 0.04 0.10 0.07 0.04 0.00 0.96 0.10 0.02 0.03 | 0.21 0.10 0.61 0.29 0.41 0.26 0.14 0.29 0.38 0.38 0.39 0.33 |
ESFP_F_A       0.48 0.20 0.16 0.41 0.37 0.79 0.22 0.53 0.41 0.47 0.00 0.38 | 0.05 0.03 0.15 0.04 0.10 0.05 0.03 0.00 0.94 0.10 0.04 0.05 | 0.19 0.11 0.61 0.30 0.39 0.16 0.12 0.27 0.35 0.34 0.46 0.50 | 0.49 0.18 0.20 0.45 0.45 0.80 0.22 0.55 0.41 0.49 0.00 0.33 | 0.05 0.03 0.16 0.06 0.13 0.06 0.03 0.00 0.94 0.11 0.03 0.04 | 0.20 0.10 0.64 0.34 0.48 0.18 0.12 0.28 0.35 0.36 0.40 0.43 | 0.48 0.18 0.16 0.41 0.37 0.91 0.25 0.53 0.45 0.47 0.00 0.24 | 0.05 0.03 0.15 0.04 0.10 0.06 0.04 0.00 0.96 0.10 0.02 0.02 | 0.19 0.10 0.61 0.30 0.39 0.22 0.14 0.27 0.38 0.34 0.38 0.33 |
ESFP_M_B       0.52 0.22 0.16 0.41 0.37 0.80 0.22 0.54 0.41 0.48 0.00 0.42 | 0.06 0.04 0.15 0.04 0.10 0.05 0.03 0.00 0.94 0.10 0.06 0.06 | 0.23 0.13 0.61 0.29 0.40 0.18 0.12 0.28 0.35 0.35 0.50 0.53 | 0.53 0.20 0.20 0.45 0.46 0.83 0.22 0.57 0.41 0.52 0.00 0.34 | 0.06 0.03 0.16 0.06 0.13 0.06 0.03 0.00 0.94 0.11 0.03 0.05 | 0.24 0.12 0.64 0.34 0.49 0.20 0.12 0.30 0.35 0.39 0.42 0.45 | 0.51 0.19 0.16 0.41 0.37 0.92 0.25 0.54 0.45 0.48 0.00 0.25 | 0.05 0.03 0.15 0.04 0.10 0.06 0.03 0.00 0.95 0.10 0.02 0.03 | 0.22 0.11 0.61 0.29 0.40 0.24 0.14 0.28 0.38 0.35 0.39 0.33 |
ESFP_F_B       0.49 0.21 0.16 0.41 0.36 0.78 0.22 0.53 0.41 0.46 0.00 0.38 | 0.05 0.04 0.15 0.04 0.10 0.05 0.03 0.00 0.94 0.10 0.04 0.05 | 0.20 0.12 0.61 0.30 0.39 0.15 0.12 0.26 0.35 0.33 0.46 0.50 | 0.49 0.19 0.20 0.45 0.44 0.79 0.22 0.53 0.41 0.47 0.00 0.33 | 0.06 0.03 0.16 0.06 0.13 0.06 0.03 0.00 0.94 0.11 0.03 0.04 | 0.20 0.11 0.64 0.34 0.47 0.17 0.12 0.27 0.35 0.34 0.40 0.43 | 0.48 0.18 0.16 0.41 0.36 0.90 0.25 0.53 0.45 0.46 0.00 0.24 | 0.05 0.03 0.15 0.04 0.10 0.06 0.03 0.00 0.95 0.10 0.02 0.02 | 0.19 0.10 0.61 0.30 0.39 0.21 0.14 0.26 0.38 0.33 0.38 0.33 |
ESFP_M_AB      0.52 0.22 0.16 0.41 0.37 0.80 0.22 0.55 0.42 0.49 0.00 0.40 | 0.06 0.04 0.15 0.04 0.10 0.05 0.03 0.00 0.94 0.10 0.05 0.06 | 0.23 0.13 0.60 0.29 0.40 0.18 0.12 0.28 0.35 0.36 0.48 0.51 | 0.53 0.19 0.19 0.44 0.45 0.84 0.22 0.58 0.42 0.53 0.00 0.33 | 0.06 0.03 0.16 0.05 0.13 0.06 0.03 0.00 0.94 0.11 0.03 0.04 | 0.24 0.11 0.63 0.33 0.48 0.22 0.12 0.31 0.35 0.40 0.41 0.43 | 0.51 0.19 0.16 0.41 0.37 0.93 0.25 0.55 0.45 0.49 0.00 0.24 | 0.05 0.03 0.15 0.04 0.10 0.06 0.03 0.00 0.96 0.10 0.02 0.02 | 0.22 0.11 0.60 0.29 0.40 0.24 0.14 0.28 0.38 0.36 0.39 0.33 |
ESFP_F_AB      0.49 0.21 0.16 0.41 0.36 0.78 0.22 0.53 0.42 0.46 0.00 0.36 | 0.05 0.04 0.15 0.04 0.10 0.05 0.03 0.00 0.94 0.10 0.04 0.05 | 0.20 0.12 0.60 0.29 0.39 0.16 0.12 0.27 0.35 0.33 0.45 0.48 | 0.49 0.19 0.19 0.45 0.43 0.79 0.22 0.54 0.42 0.48 0.00 0.31 | 0.06 0.03 0.16 0.05 0.13 0.06 0.03 0.00 0.94 0.11 0.02 0.04 | 0.20 0.11 0.63 0.33 0.46 0.17 0.12 0.28 0.35 0.35 0.40 0.42 | 0.48 0.18 0.16 0.41 0.36 0.90 0.25 0.53 0.45 0.46 0.00 0.23 | 0.05 0.03 0.15 0.04 0.10 0.06 0.03 0.00 0.96 0.10 0.02 0.02 | 0.19 0.10 0.60 0.29 0.39 0.22 0.14 0.27 0.38 0.33 0.38 0.32 |
ISTJ_M_O       0.81 0.41 0.12 0.35 0.36 0.89 0.23 0.61 0.42 0.59 0.00 0.24 | 0.14 0.10 0.14 0.03 0.10 0.07 0.03 0.00 0.92 0.12 0.01 0.01 | 0.52 0.32 0.56 0.24 0.39 0.27 0.12 0.35 0.35 0.46 0.35 0.35 | 0.81 0.34 0.12 0.35 0.43 0.97 0.23 0.67 0.42 0.68 0.00 0.22 | 0.14 0.08 0.14 0.03 0.12 0.09 0.03 0.00 0.92 0.15 0.01 0.01 | 0.52 0.26 0.56 0.24 0.46 0.35 0.12 0.41 0.35 0.55 0.35 0.32 | 0.73 0.31 0.12 0.35 0.36 1.00 0.26 0.61 0.46 0.59 0.00 0.19 | 0.12 0.07 0.14 0.03 0.10 0.07 0.03 0.00 0.93 0.12 0.01 0.01 | 0.44 0.23 0.56 0.24 0.39 0.35 0.15 0.35 0.39 0.46 0.35 0.27 |
ISTJ_F_O       0.64 0.31 0.12 0.35 0.33 0.80 0.22 0.55 0.41 0.49 0.00 0.24 | 0.09 0.07 0.14 0.03 0.09 0.04 0.03 0.00 0.92 0.10 0.01 0.01 | 0.35 0.23 0.56 0.24 0.36 0.18 0.12 0.28 0.35 0.36 0.35 0.35 | 0.64 0.27 0.12 0.35 0.38 0.84 0.22 0.58 0.41 0.53 0.00 0.22 | 0.09 0.06 0.14 0.03 0.10 0.06 0.03 0.00 0.92 0.11 0.01 0.01 | 0.35 0.19 0.56 0.24 0.41 0.22 0.12 0.31 0.35 0.41 0.35 0.32 | 0.59 0.25 0.12 0.35 0.33 0.93 0.25 0.55 0.45 0.49 0.00 0.19 | 0.08 0.05 0.14 0.03 0.09 0.05 0.03 0.00 0.93 0.10 0.01 0.01 | 0.31 0.17 0.57 0.24 0.36 0.25 0.14 0.28 0.38 0.37 0.35 0.27 |
ISTJ_M_A       0.76 0.38 0.12 0.35 0.35 0.85 0.22 0.59 0.41 0.55 0.00 0.24 | 0.13 0.09 0.14 0.03 0.10 0.06 0.03 0.00 0.92 0.11 0.01 0.01 | 0.47 0.29 0.56 0.24 0.38 0.23 0.12 0.32 0.35 0.42 0.35 0.35 | 0.76 0.32 0.12 0.35 0.41 0.92 0.22 0.64 0.41 0.63 0.00 0.22 | 0.13 0.07 0.14 0.03 0.11 0.08 0.03 0.00 0.92 0.14 0.01 0.01 | 0.47 0.24 0.56 0.24 0.44 0.30 0.12 0.37 0.35 0.50 0.35 0.32 | 0.68 0.30 0.12 0.35 0.35 0.98 0.25 0.59 0.45 0.55 0.00 0.19 | 0.11 0.07 0.14 0.03 0.10 0.06 0.03 0.00 0.93 0.11 0.01 0.01 | 0.40 0.22 0.56 0.24 0.38 0.30 0.14 0.32 0.38 0.42 0.35 0.27 |
ISTJ_F_A       0.64 0.32 0.12 0.35 0.33 0.80 0.22 0.54 0.41 0.48 0.00 0.24 | 0.09 0.07 0.14 0.03 0.09 0.04 0.03 0.00 0.92 0.10 0.01 0.01 | 0.35 0.23 0.56 0.24 0.35 0.18 0.12 0.28 0.35 0.36 0.35 0.35 | 0.63 0.27 0.12 0.35 0.37 0.83 0.22 0.57 0.41 0.52 0.00 0.22 | 0.09 0.06 0.14 0.03 0.10 0.06 0.03 0.00 0.92 0.11 0.01 0.01 | 0.35 0.19 0.56 0.24 0.40 0.20 0.12 0.30 0.35 0.39 0.35 0.32 | 0.59 0.25 0.12 0.35 0.33 0.92 0.25 0.54 0.45 0.48 0.00 0.19 | 0.08 0.05 0.14 0.03 0.09 0.05 0.03 0.00 0.93 0.10 0.01 0.01 | 0.30 0.17 0.57 0.24 0.35 0.24 0.14 0.28 0.38 0.36 0.35 0.27 |
ISTJ_M_B       0.72 0.35 0.12 0.35 0.35 0.87 0.22 0.60 0.41 0.56 0.00 0.24 | 0.12 0.08 0.14 0.03 0.10 0.06 0.03 0.00 0.93 0.12 0.01 0.01 | 0.43 0.26 0.56 0.24 0.38 0.24 0.12 0.33 0.35 0.44 0.35 0.35 | 0.74 0.30 0.12 0.35 0.43 0.95 0.22 0.66 0.41 0.66 0.00 0.22 | 0.12 0.06 0.14 0.03 0.12 0.09 0.03 0.00 0.93 0.15 0.01 0.01 | 0.45 0.22 0.56 0.24 0.46 0.33 0.12 0.40 0.35 0.54 0.35 0.32 | 0.66 0.28 0.12 0.35 0.35 1.00 0.25 0.60 0.45 0.56 0.00 0.19 | 0.10 0.06 0.14 0.03 0.10 0.07 0.03 0.00 0.94 0.12 0.01 0.01 | 0.37 0.20 0.56 0.24 0.38 0.31 0.14 0.33 0.38 0.44 0.35 0.27 |
ISTJ_F_B       0.62 0.30 0.12 0.35 0.33 0.80 0.22 0.55 0.41 0.49 0.00 0.24 | 0.09 0.06 0.14 0.03 0.09 0.05 0.03 0.00 0.93 0.10 0.01 0.01 | 0.33 0.21 0.56 0.24 0.36 0.18 0.12 0.28 0.35 0.36 0.35 0.35 | 0.62 0.25 0.12 0.35 0.38 0.84 0.22 0.57 0.41 0.53 0.00 0.22 | 0.09 0.05 0.14 0.03 0.10 0.06 0.03 0.00 0.93 0.11 0.01 0.01 | 0.33 0.17 0.56 0.24 0.41 0.21 0.12 0.31 0.35 0.40 0.35 0.32 | 0.58 0.24 0.12 0.35 0.33 0.93 0.25 0.55 0.45 0.49 0.00 0.19 | 0.07 0.05 0.14 0.03 0.09 0.05 0.03 0.00 0.94 0.10 0.01 0.01 | 0.29 0.16 0.57 0.24 0.36 0.24 0.14 0.28 0.38 0.36 0.35 0.27 |
ISTJ_M_AB      0.72 0.35 0.12 0.36 0.35 0.85 0.22 0.59 0.42 0.55 0.00 0.24 | 0.12 0.08 0.14 0.03 0.10 0.06 0.03 0.00 0.93 0.11 0.01 0.01 | 0.43 0.26 0.57 0.24 0.38 0.23 0.12 0.32 0.35 0.42 0.35 0.35 | 0.73 0.30 0.12 0.36 0.42 0.92 0.22 0.65 0.42 0.64 0.00 0.22 | 0.12 0.07 0.14 0.03 0.12 0.08 0.03 0.00 0.93 0.14 0.01 0.01 | 0.44 0.22 0.57 0.24 0.45 0.30 0.12 0.38 0.35 0.51 0.35 0.32 | 0.66 0.28 0.13 0.36 0.35 0.98 0.25 0.59 0.45 0.55 0.00 0.19 | 0.10 0.06 0.14 0.03 0.10 0.07 0.03 0.00 0.94 0.11 0.01 0.01 | 0.37 0.20 0.57 0.24 0.38 0.30 0.15 0.32 0.38 0.43 0.35 0.27 |
ISTJ_F_AB      0.62 0.30 0.13 0.36 0.33 0.80 0.23 0.55 0.42 0.49 0.00 0.24 | 0.09 0.06 0.14 0.03 0.09 0.05 0.03 0.00 0.93 0.10 0.01 0.01 | 0.33 0.21 0.57 0.24 0.36 0.18 0.12 0.28 0.35 0.36 0.35 0.35 | 0.61 0.26 0.13 0.36 0.38 0.83 0.23 0.57 0.42 0.52 0.00 0.22 | 0.09 0.05 0.14 0.03 0.11 0.06 0.03 0.00 0.93 0.11 0.01 0.01 | 0.32 0.18 0.57 0.24 0.41 0.21 0.12 0.30 0.35 0.40 0.35 0.32 | 0.58 0.24 0.13 0.36 0.34 0.92 0.25 0.55 0.45 0.49 0.00 0.19 | 0.07 0.05 0.14 0.03 0.09 0.05 0.03 0.00 0.94 0.10 0.01 0.01 | 0.29 0.16 0.58 0.24 0.36 0.24 0.15 0.28 0.38 0.36 0.35 0.27 |
ESTJ_M_O       0.76 0.41 0.13 0.36 0.33 0.81 0.23 0.55 0.42 0.49 0.00 0.24 | 0.13 0.10 0.14 0.03 0.09 0.04 0.03 0.00 0.92 0.10 0.01 0.01 | 0.47 0.32 0.57 0.24 0.36 0.19 0.13 0.29 0.35 0.37 0.35 0.35 | 0.75 0.35 0.13 0.36 0.38 0.85 0.23 0.58 0.42 0.54 0.00 0.22 | 0.13 0.08 0.14 0.03 0.11 0.06 0.03 0.00 0.92 0.12 0.01 0.01 | 0.46 0.27 0.57 0.24 0.41 0.22 0.13 0.31 0.35 0.41 0.35 0.32 | 0.69 0.32 0.13 0.36 0.34 0.94 0.26 0.55 0.46 0.50 0.00 0.19 | 0.11 0.07 0.14 0.03 0.09 0.05 0.03 0.00 0.92 0.10 0.01 0.01 | 0.40 0.24 0.57 0.24 0.36 0.26 0.16 0.29 0.39 0.37 0.35 0.27 |
ESTJ_F_O       0.63 0.32 0.13 0.36 0.32 0.78 0.23 0.53 0.42 0.46 0.00 0.24 | 0.10 0.07 0.14 0.03 0.09 0.04 0.03 0.00 0.92 0.10 0.01 0.01 | 0.34 0.23 0.57 0.24 0.35 0.15 0.12 0.27 0.35 0.34 0.35 0.35 | 0.62 0.27 0.13 0.36 0.36 0.79 0.23 0.54 0.42 0.48 0.00 0.22 | 0.10 0.06 0.14 0.03 0.11 0.05 0.03 0.00 0.92 0.11 0.01 0.01 | 0.33 0.19 0.57 0.24 0.39 0.17 0.12 0.27 0.35 0.35 0.35 0.32 | 0.58 0.26 0.14 0.36 0.33 0.90 0.25 0.53 0.45 0.47 0.00 0.19 | 0.08 0.05 0.14 0.03 0.09 0.05 0.03 0.00 0.92 0.10 0.01 0.01 | 0.30 0.18 0.58 0.24 0.36 0.21 0.15 0.27 0.38 0.34 0.36 0.27 |
ESTJ_M_A       0.75 0.39 0.13 0.36 0.34 0.82 0.23 0.57 0.42 0.52 0.00 0.24 | 0.13 0.09 0.14 0.03 0.09 0.05 0.03 0.00 0.92 0.10 0.01 0.01 | 0.46 0.31 0.57 0.24 0.37 0.20 0.12 0.30 0.35 0.39 0.35 0.35 | 0.74 0.33 0.13 0.36 0.40 0.87 0.23 0.61 0.42 0.57 0.00 0.22 | 0.12 0.08 0.14 0.03 0.11 0.06 0.03 0.00 0.92 0.12 0.01 0.01 | 0.46 0.25 0.57 0.24 0.43 0.25 0.12 0.34 0.35 0.45 0.35 0.32 | 0.68 0.30 0.13 0.36 0.34 0.95 0.25 0.57 0.45 0.52 0.00 0.19 | 0.10 0.07 0.14 0.03 0.09 0.05 0.03 0.00 0.92 0.10 0.01 0.01 | 0.39 0.22 0.57 0.24 0.37 0.27 0.15 0.30 0.38 0.39 0.35 0.27 |
ESTJ_F_A       0.64 0.33 0.13 0.36 0.33 0.79 0.23 0.54 0.42 0.48 0.00 0.24 | 0.10 0.07 0.14 0.03 0.09 0.04 0.03 0.00 0.92 0.10 0.01 0.01 | 0.35 0.24 0.57 0.24 0.36 0.16 0.12 0.27 0.35 0.35 0.35 0.35 | 0.63 0.28 0.13 0.36 0.37 0.81 0.23 0.56 0.42 0.50 0.00 0.22 | 0.10 0.06 0.14 0.03 0.11 0.05 0.03 0.00 0.92 0.11 0.01 0.01 | 0.34 0.20 0.57 0.24 0.40 0.18 0.12 0.29 0.35 0.37 0.35 0.32 | 0.59 0.26 0.14 0.36 0.33 0.91 0.25 0.54 0.45 0.48 0.00 0.19 | 0.08 0.05 0.14 0.03 0.09 0.05 0.03 0.00 0.92 0.10 0.01 0.01 | 0.30 0.18 0.58 0.24 0.36 0.22 0.15 0.27 0.38 0.35 0.36 0.27 |
ESTJ_M_B       0.72 0.38 0.13 0.37 0.34 0.80 0.23 0.56 0.42 0.49 0.00 0.24 | 0.12 0.09 0.14 0.03 0.09 0.04 0.03 0.00 0.93 0.10 0.01 0.01 | 0.43 0.29 0.58 0.25 0.36 0.18 0.12 0.29 0.35 0.37 0.36 0.35 | 0.71 0.32 0.13 0.37 0.38 0.83 0.23 0.58 0.42 0.53 0.00 0.22 | 0.12 0.07 0.14 0.03 0.11 0.05 0.03 0.00 0.93 0.11 0.01 0.01 | 0.42 0.24 0.58 0.25 0.41 0.21 0.12 0.31 0.35 0.40 0.36 0.32 | 0.65 0.30 0.15 0.37 0.34 0.92 0.26 0.56 0.45 0.50 0.00 0.19 | 0.10 0.06 0.15 0.03 0.10 0.05 0.03 0.00 0.93 0.10 0.01 0.01 | 0.36 0.22 0.59 0.25 0.37 0.24 0.15 0.29 0.38 0.37 0.36 0.27 |
ESTJ_F_B       0.63 0.32 0.15 0.37 0.33 0.78 0.23 0.55 0.42 0.47 0.00 0.24 | 0.09 0.07 0.15 0.03 0.10 0.04 0.03 0.00 0.93 0.10 0.01 0.01 | 0.34 0.23 0.59 0.26 0.36 0.15 0.13 0.28 0.35 0.35 0.36 0.35 | 0.61 0.27 0.15 0.37 0.37 0.79 0.23 0.55 0.42 0.49 0.00 0.22 | 0.09 0.06 0.15 0.03 0.11 0.05 0.03 0.00 0.93 0.12 0.01 0.01 | 0.32 0.19 0.59 0.26 0.40 0.17 0.13 0.29 0.35 0.36 0.36 0.32 | 0.58 0.25 0.17 0.37 0.35 0.90 0.26 0.55 0.45 0.49 0.00 0.19 | 0.08 0.05 0.15 0.03 0.10 0.05 0.03 0.00 0.93 0.11 0.02 0.01 | 0.29 0.17 0.61 0.26 0.38 0.21 0.16 0.28 0.38 0.36 0.38 0.27 |
ESTJ_M_AB      0.72 0.37 0.13 0.36 0.34 0.81 0.23 0.57 0.42 0.51 0.00 0.24 | 0.12 0.09 0.14 0.03 0.09 0.04 0.03 0.00 0.93 0.10 0.01 0.01 | 0.43 0.28 0.58 0.25 0.37 0.19 0.12 0.30 0.35 0.38 0.35 0.35 | 0.71 0.31 0.13 0.36 0.39 0.85 0.23 0.60 0.42 0.55 0.00 0.22 | 0.11 0.07 0.14 0.03 0.11 0.06 0.03 0.00 0.93 0.11 0.01 0.01 | 0.42 0.23 0.58 0.25 0.42 0.23 0.12 0.33 0.35 0.43 0.35 0.32 | 0.65 0.29 0.14 0.36 0.35 0.94 0.25 0.57 0.45 0.51 0.00 0.19 | 0.10 0.06 0.14 0.03 0.09 0.05 0.03 0.00 0.93 0.10 0.01 0.01 | 0.36 0.21 0.59 0.25 0.37 0.25 0.15 0.30 0.38 0.39 0.36 0.27 |
ESTJ_F_AB      0.62 0.31 0.14 0.37 0.33 0.78 0.23 0.55 0.42 0.48 0.00 0.24 | 0.09 0.07 0.14 0.03 0.09 0.04 0.03 0.00 0.93 0.10 0.01 0.01 | 0.33 0.22 0.59 0.25 0.36 0.16 0.13 0.28 0.35 0.35 0.36 0.35 | 0.61 0.27 0.14 0.37 0.38 0.80 0.23 0.56 0.42 0.50 0.00 0.22 | 0.09 0.06 0.14 0.03 0.11 0.06 0.03 0.00 0.93 0.11 0.01 0.01 | 0.32 0.19 0.59 0.25 0.41 0.18 0.13 0.29 0.35 0.37 0.36 0.32 | 0.58 0.25 0.16 0.37 0.35 0.90 0.26 0.55 0.45 0.49 0.00 0.19 | 0.08 0.05 0.15 0.03 0.10 0.05 0.03 0.00 0.93 0.10 0.02 0.01 | 0.29 0.17 0.60 0.25 0.37 0.22 0.16 0.28 0.38 0.36 0.37 0.27 |
INFP_M_O       0.62 0.26 0.14 0.37 0.38 0.89 0.24 0.64 0.43 0.61 0.00 0.24 | 0.09 0.05 0.15 0.03 0.10 0.08 0.04 0.00 0.97 0.13 0.01 0.01 | 0.33 0.17 0.59 0.26 0.41 0.27 0.13 0.37 0.36 0.48 0.36 0.35 | 0.65 0.23 0.14 0.37 0.45 0.97 0.24 0.70 0.43 0.70 0.00 0.22 | 0.10 0.04 0.15 0.03 0.12 0.10 0.04 0.00 0.97 0.15 0.01 0.01 | 0.36 0.15 0.59 0.26 0.48 0.35 0.13 0.43 0.36 0.57 0.36 0.32 | 0.60 0.22 0.16 0.37 0.39 1.00 0.27 0.64 0.47 0.62 0.00 0.19 | 0.08 0.04 0.15 0.03 0.11 0.11 0.05 0.00 1.00 0.13 0.02 0.01 | 0.31 0.14 0.61 0.26 0.42 0.35 0.17 0.37 0.40 0.49 0.38 0.27 |
INFP_F_O       0.53 0.23 0.16 0.38 0.36 0.80 0.24 0.58 0.42 0.52 0.00 0.24 | 0.06 0.04 0.15 0.03 0.10 0.06 0.04 0.00 0.97 0.10 0.02 0.01 | 0.25 0.14 0.60 0.26 0.38 0.18 0.13 0.31 0.36 0.39 0.37 0.35 | 0.55 0.20 0.16 0.38 0.41 0.84 0.24 0.61 0.42 0.56 0.00 0.22 | 0.07 0.04 0.15 0.03 0.11 0.07 0.04 0.00 0.97 0.12 0.02 0.01 | 0.26 0.12 0.60 0.26 0.44 0.22 0.13 0.34 0.36 0.43 0.37 0.32 | 0.52 0.20 0.19 0.38 0.38 0.93 0.27 0.58 0.46 0.54 0.00 0.19 | 0.06 0.04 0.16 0.03 0.10 0.08 0.05 0.00 1.00 0.11 0.02 0.01 | 0.23 0.12 0.63 0.26 0.40 0.25 0.17 0.31 0.39 0.41 0.39 0.27 |
INFP_M_A       0.63 0.28 0.16 0.38 0.37 0.85 0.24 0.62 0.43 0.57 0.00 0.24 | 0.09 0.06 0.15 0.04 0.10 0.07 0.04 0.00 0.96 0.12 0.02 0.01 | 0.34 0.20 0.60 0.27 0.40 0.23 0.13 0.35 0.36 0.44 0.37 0.35 | 0.66 0.25 0.16 0.38 0.44 0.92 0.24 0.68 0.43 0.66 0.00 0.22 | 0.10 0.05 0.15 0.04 0.12 0.09 0.04 0.00 0.96 0.14 0.02 0.01 | 0.37 0.17 0.60 0.27 0.47 0.30 0.13 0.41 0.36 0.53 0.37 0.32 | 0.60 0.23 0.18 0.38 0.39 0.98 0.27 0.62 0.46 0.59 0.00 0.19 | 0.08 0.05 0.16 0.04 0.11 0.08 0.05 0.00 0.99 0.12 0.02 0.01 | 0.31 0.15 0.63 0.27 0.42 0.30 0.17 0.35 0.39 0.46 0.39 0.27 |
INFP_F_A       0.56 0.25 0.18 0.40 0.37 0.80 0.24 0.59 0.43 0.53 0.00 0.24 | 0.07 0.05 0.16 0.04 0.10 0.05 0.04 0.00 0.97 0.11 0.02 0.01 | 0.27 0.16 0.63 0.28 0.40 0.18 0.14 0.32 0.36 0.40 0.39 0.35 | 0.56 0.22 0.18 0.40 0.42 0.83 0.24 0.62 0.43 0.56 0.00 0.22 | 0.07 0.04 0.16 0.04 0.12 0.07 0.04 0.00 0.97 0.12 0.02 0.01 | 0.27 0.14 0.63 0.28 0.45 0.20 0.14 0.35 0.36 0.43 0.39 0.32 | 0.53 0.21 0.24 0.40 0.40 0.92 0.29 0.59 0.46 0.56 0.00 0.19 | 0.06 0.04 0.17 0.04 0.11 0.07 0.05 0.00 0.99 0.12 0.03 0.01 | 0.25 0.13 0.68 0.28 0.43 0.24 0.18 0.32 0.39 0.43 0.42 0.27 |
INFP_M_B       0.62 0.27 0.14 0.37 0.37 0.87 0.23 0.62 0.42 0.58 0.00 0.24 | 0.09 0.06 0.14 0.03 0.10 0.07 0.04 0.00 0.96 0.12 0.01 0.01 | 0.34 0.18 0.59 0.26 0.40 0.24 0.13 0.35 0.35 0.45 0.36 0.35 | 0.66 0.24 0.14 0.37 0.44 0.95 0.23 0.68 0.42 0.68 0.00 0.22 | 0.10 0.05 0.14 0.03 0.12 0.10 0.04 0.00 0.96 0.15 0.01 0.01 | 0.37 0.16 0.59 0.26 0.47 0.33 0.13 0.42 0.35 0.55 0.36 0.32 | 0.59 0.23 0.16 0.37 0.38 1.00 0.26 0.62 0.45 0.59 0.00 0.19 | 0.08 0.04 0.15 0.03 0.10 0.09 0.04 0.00 0.98 0.12 0.02 0.01 | 0.30 0.14 0.60 0.26 0.41 0.31 0.16 0.35 0.38 0.46 0.37 0.27 |
INFP_F_B       0.55 0.24 0.16 0.38 0.35 0.80 0.24 0.58 0.42 0.52 0.00 0.24 | 0.07 0.05 0.15 0.03 0.10 0.05 0.04 0.00 0.96 0.10 0.02 0.01 | 0.26 0.16 0.60 0.26 0.38 0.18 0.13 0.31 0.36 0.39 0.37 0.35 | 0.56 0.21 0.16 0.38 0.40 0.84 0.24 0.60 0.42 0.56 0.00 0.22 | 0.07 0.04 0.15 0.03 0.11 0.07 0.04 0.00 0.96 0.12 0.02 0.01 | 0.27 0.13 0.60 0.26 0.43 0.21 0.13 0.34 0.36 0.43 0.37 0.32 | 0.53 0.21 0.19 0.38 0.38 0.93 0.27 0.58 0.46 0.54 0.00 0.19 | 0.06 0.04 0.16 0.03 0.10 0.07 0.05 0.00 0.99 0.11 0.02 0.01 | 0.24 0.13 0.63 0.26 0.40 0.24 0.17 0.31 0.39 0.41 0.39 0.27 |
INFP_M_AB      0.63 0.28 0.15 0.37 0.36 0.85 0.23 0.61 0.42 0.57 0.00 0.24 | 0.09 0.06 0.15 0.03 0.10 0.06 0.04 0.00 0.96 0.12 0.01 0.01 | 0.34 0.20 0.59 0.26 0.39 0.23 0.13 0.34 0.35 0.44 0.36 0.35 | 0.66 0.25 0.15 0.37 0.43 0.92 0.23 0.67 0.42 0.65 0.00 0.22 | 0.10 0.05 0.15 0.03 0.12 0.09 0.04 0.00 0.96 0.14 0.01 0.01 | 0.37 0.17 0.59 0.26 0.46 0.30 0.13 0.40 0.35 0.53 0.36 0.32 | 0.60 0.23 0.17 0.37 0.38 0.98 0.26 0.61 0.46 0.58 0.00 0.19 | 0.08 0.05 0.15 0.03 0.10 0.08 0.04 0.00 0.98 0.12 0.02 0.01 | 0.31 0.15 0.61 0.26 0.41 0.30 0.16 0.34 0.39 0.45 0.38 0.27 |
INFP_F_AB      0.56 0.25 0.17 0.38 0.36 0.80 0.24 0.58 0.43 0.51 0.00 0.24 | 0.07 0.05 0.15 0.04 0.10 0.05 0.04 0.00 0.96 0.10 0.02 0.01 | 0.27 0.16 0.61 0.27 0.38 0.18 0.14 0.31 0.36 0.39 0.38 0.35 | 0.56 0.22 0.17 0.38 0.40 0.83 0.24 0.60 0.43 0.55 0.00 0.22 | 0.07 0.04 0.15 0.04 0.11 0.06 0.04 0.00 0.96 0.12 0.02 0.01 | 0.27 0.14 0.61 0.27 0.44 0.21 0.14 0.33 0.36 0.42 0.38 0.32 | 0.53 0.21 0.20 0.38 0.38 0.92 0.27 0.58 0.46 0.54 0.00 0.19 | 0.06 0.04 0.16 0.04 0.11 0.07 0.05 0.00 0.98 0.11 0.03 0.01 | 0.25 0.13 0.65 0.27 0.41 0.24 0.17 0.31 0.39 0.41 0.40 0.27 |
ISFJ_M_O       0.73 0.35 0.15 0.38 0.38 0.89 0.24 0.64 0.43 0.61 0.00 0.24 | 0.12 0.08 0.15 0.04 0.11 0.06 0.03 0.00 0.93 0.13 0.01 0.01 | 0.45 0.26 0.59 0.27 0.41 0.27 0.13 0.37 0.36 0.48 0.36 0.36 | 0.75 0.30 0.16 0.39 0.46 0.97 0.24 0.70 0.43 0.70 0.00 0.23 | 0.12 0.06 0.15 0.04 0.13 0.09 0.03 0.00 0.93 0.16 0.01 0.01 | 0.46 0.22 0.60 0.27 0.49 0.35 0.13 0.43 0.36 0.57 0.36 0.33 | 0.68 0.27 0.17 0.38 0.40 1.00 0.27 0.64 0.47 0.62 0.00 0.19 | 0.10 0.06 0.15 0.04 0.11 0.07 0.03 0.00 0.93 0.13 0.02 0.01 | 0.39 0.19 0.62 0.27 0.43 0.35 0.17 0.37 0.40 0.49 0.38 0.28 |
ISFJ_F_O       0.60 0.28 0.17 0.39 0.36 0.80 0.24 0.58 0.43 0.52 0.00 0.24 | 0.08 0.06 0.15 0.04 0.10 0.04 0.03 0.00 0.93 0.10 0.02 0.01 | 0.31 0.19 0.61 0.27 0.39 0.18 0.13 0.31 0.36 0.39 0.37 0.36 | 0.60 0.24 0.17 0.39 0.42 0.84 0.24 0.61 0.43 0.56 0.00 0.22 | 0.08 0.05 0.15 0.04 0.12 0.05 0.03 0.00 0.93 0.12 0.02 0.01 | 0.31 0.16 0.61 0.28 0.45 0.22 0.13 0.34 0.36 0.43 0.37 0.33 | 0.56 0.23 0.20 0.39 0.38 0.93 0.27 0.58 0.46 0.54 0.00 0.19 | 0.07 0.05 0.16 0.04 0.11 0.05 0.03 0.00 0.93 0.11 0.02 0.01 | 0.28 0.15 0.64 0.27 0.41 0.25 0.17 0.31 0.39 0.41 0.39 0.28 |
ISFJ_M_A       0.65 0.30 0.16 0.39 0.38 0.85 0.24 0.62 0.43 0.57 0.00 0.24 | 0.09 0.06 0.15 0.04 0.10 0.05 0.03 0.00 0.93 0.12 0.02 0.01 | 0.36 0.21 0.61 0.28 0.40 0.23 0.13 0.35 0.36 0.44 0.37 0.36 | 0.67 0.26 0.17 0.40 0.45 0.92 0.24 0.68 0.43 0.66 0.00 0.22 | 0.10 0.05 0.15 0.04 0.12 0.08 0.03 0.00 0.93 0.14 0.02 0.01 | 0.38 0.18 0.61 0.28 0.48 0.30 0.13 0.41 0.36 0.53 0.37 0.33 | 0.61 0.24 0.19 0.39 0.40 0.98 0.27 0.62 0.46 0.59 0.00 0.19 | 0.08 0.05 0.16 0.04 0.11 0.06 0.03 0.00 0.93 0.12 0.02 0.01 | 0.32 0.16 0.63 0.28 0.42 0.30 0.17 0.35 0.39 0.46 0.39 0.28 |
ISFJ_F_A       0.57 0.26 0.19 0.40 0.37 0.80 0.25 0.59 0.43 0.53 0.00 0.24 | 0.07 0.05 0.16 0.04 0.10 0.04 0.03 0.00 0.94 0.11 0.02 0.01 | 0.28 0.17 0.63 0.29 0.40 0.18 0.14 0.33 0.36 0.40 0.39 0.36 | 0.57 0.23 0.19 0.41 0.43 0.83 0.25 0.62 0.43 0.56 0.00 0.22 | 0.08 0.04 0.16 0.04 0.12 0.05 0.03 0.00 0.94 0.12 0.02 0.01 | 0.29 0.15 0.64 0.29 0.46 0.20 0.14 0.35 0.36 0.43 0.39 0.33 | 0.54 0.22 0.24 0.40 0.41 0.92 0.29 0.59 0.46 0.56 0.00 0.19 | 0.07 0.04 0.17 0.04 0.12 0.05 0.04 0.00 0.94 0.12 0.03 0.01 | 0.25 0.14 0.69 0.29 0.44 0.24 0.18 0.33 0.39 0.43 0.42 0.28 |
ISFJ_M_B       0.66 0.30 0.16 0.39 0.38 0.87 0.23 0.62 0.42 0.58 0.00 0.25 | 0.10 0.06 0.15 0.04 0.11 0.06 0.03 0.00 0.93 0.12 0.01 0.01 | 0.37 0.21 0.60 0.27 0.41 0.24 0.13 0.35 0.35 0.45 0.36 0.36 | 0.69 0.26 0.17 0.40 0.47 0.95 0.23 0.69 0.42 0.68 0.00 0.24 | 0.11 0.05 0.15 0.04 0.13 0.08 0.03 0.00 0.93 0.15 0.01 0.01 | 0.40 0.18 0.61 0.29 0.50 0.33 0.13 0.42 0.35 0.55 0.36 0.34 | 0.62 0.24 0.17 0.39 0.39 1.00 0.26 0.62 0.45 0.59 0.00 0.19 | 0.09 0.05 0.15 0.04 0.11 0.06 0.03 0.00 0.93 0.12 0.02 0.01 | 0.33 0.16 0.62 0.27 0.42 0.31 0.16 0.35 0.39 0.46 0.37 0.28 |
ISFJ_F_B       0.57 0.26 0.17 0.40 0.37 0.80 0.24 0.58 0.43 0.52 0.00 0.25 | 0.07 0.05 0.15 0.04 0.10 0.04 0.03 0.00 0.93 0.10 0.02 0.01 | 0.29 0.17 0.62 0.28 0.40 0.18 0.13 0.31 0.36 0.39 0.37 0.36 | 0.58 0.23 0.18 0.41 0.43 0.84 0.24 0.60 0.43 0.56 0.00 0.24 | 0.08 0.04 0.16 0.04 0.12 0.05 0.03 0.00 0.93 0.12 0.02 0.01 | 0.29 0.15 0.63 0.29 0.46 0.21 0.13 0.34 0.36 0.43 0.37 0.34 | 0.55 0.22 0.21 0.40 0.39 0.93 0.27 0.58 0.46 0.54 0.00 0.19 | 0.07 0.04 0.16 0.04 0.11 0.05 0.03 0.00 0.93 0.11 0.02 0.01 | 0.26 0.14 0.65 0.28 0.42 0.24 0.17 0.31 0.39 0.41 0.39 0.28 |
ISFJ_M_AB      0.64 0.29 0.16 0.39 0.38 0.85 0.23 0.62 0.42 0.57 0.00 0.25 | 0.09 0.06 0.15 0.04 0.10 0.05 0.03 0.00 0.93 0.12 0.01 0.01 | 0.36 0.21 0.60 0.28 0.41 0.23 0.13 0.35 0.36 0.44 0.37 0.36 | 0.67 0.25 0.17 0.40 0.46 0.92 0.23 0.67 0.42 0.66 0.00 0.23 | 0.10 0.05 0.15 0.04 0.13 0.08 0.03 0.00 0.93 0.14 0.01 0.01 | 0.38 0.17 0.61 0.29 0.49 0.30 0.13 0.41 0.36 0.53 0.37 0.34 | 0.61 0.24 0.18 0.39 0.40 0.98 0.26 0.62 0.46 0.58 0.00 0.19 | 0.08 0.05 0.16 0.04 0.11 0.06 0.03 0.00 0.93 0.12 0.02 0.01 | 0.32 0.16 0.63 0.28 0.42 0.30 0.16 0.35 0.39 0.46 0.38 0.28 |
ISFJ_F_AB      0.57 0.26 0.18 0.40 0.37 0.80 0.24 0.58 0.43 0.52 0.00 0.25 | 0.07 0.05 0.16 0.04 0.10 0.04 0.03 0.00 0.93 0.11 0.02 0.01 | 0.28 0.17 0.63 0.29 0.40 0.18 0.14 0.32 0.36 0.39 0.38 0.36 | 0.57 0.23 0.19 0.41 0.43 0.83 0.24 0.61 0.43 0.55 0.00 0.23 | 0.08 0.04 0.16 0.05 0.12 0.05 0.03 0.00 0.93 0.12 0.02 0.01 | 0.28 0.15 0.64 0.30 0.46 0.21 0.14 0.34 0.36 0.43 0.38 0.34 | 0.54 0.22 0.23 0.40 0.40 0.92 0.28 0.58 0.46 0.55 0.00 0.19 | 0.06 0.04 0.17 0.04 0.11 0.05 0.04 0.00 0.93 0.11 0.03 0.01 | 0.25 0.14 0.67 0.29 0.43 0.24 0.18 0.32 0.39 0.42 0.41 0.28 |
ENTJ_M_O       0.66 0.35 0.13 0.38 0.32 0.77 0.23 0.54 0.43 0.44 0.00 0.26 | 0.11 0.08 0.14 0.04 0.09 0.05 0.03 0.00 0.95 0.10 0.01 0.02 | 0.37 0.26 0.57 0.27 0.35 0.15 0.12 0.27 0.36 0.31 0.37 0.38 | 0.63 0.29 0.13 0.39 0.36 0.77 0.23 0.54 0.43 0.44 0.00 0.23 | 0.11 0.06 0.14 0.04 0.11 0.06 0.03 0.00 0.95 0.12 0.01 0.01 | 0.34 0.21 0.57 0.27 0.39 0.15 0.12 0.27 0.36 0.31 0.36 0.34 | 0.60 0.27 0.13 0.38 0.32 0.90 0.26 0.54 0.47 0.44 0.00 0.19 | 0.09 0.06 0.14 0.04 0.09 0.06 0.03 0.00 0.96 0.10 0.01 0.01 | 0.31 0.19 0.57 0.27 0.35 0.21 0.15 0.27 0.40 0.31 0.35 0.28 |
ENTJ_F_O       0.57 0.28 0.13 0.38 0.32 0.76 0.22 0.54 0.42 0.44 0.00 0.26 | 0.08 0.06 0.14 0.04 0.09 0.05 0.03 0.00 0.94 0.10 0.01 0.01 | 0.28 0.19 0.57 0.27 0.34 0.14 0.12 0.28 0.36 0.31 0.36 0.37 | 0.55 0.24 0.13 0.39 0.35 0.76 0.22 0.54 0.42 0.44 0.00 0.23 | 0.08 0.05 0.14 0.04 0.11 0.06 0.03 0.00 0.94 0.11 0.01 0.01 | 0.27 0.16 0.57 0.28 0.38 0.14 0.12 0.28 0.36 0.31 0.35 0.33 | 0.54 0.23 0.13 0.38 0.32 0.88 0.25 0.54 0.46 0.44 0.00 0.19 | 0.07 0.05 0.14 0.04 0.09 0.06 0.03 0.00 0.96 0.10 0.01 0.01 | 0.25 0.15 0.57 0.27 0.34 0.20 0.14 0.28 0.39 0.31 0.35 0.28 |
ENTJ_M_A       0.60 0.30 0.13 0.39 0.32 0.76 0.22 0.55 0.43 0.44 0.00 0.26 | 0.09 0.06 0.14 0.04 0.09 0.05 0.03 0.00 0.96 0.10 0.01 0.02 | 0.31 0.21 0.57 0.27 0.34 0.14 0.12 0.28 0.36 0.31 0.36 0.37 | 0.58 0.26 0.13 0.39 0.35 0.76 0.22 0.55 0.43 0.44 0.00 0.23 | 0.09 0.05 0.14 0.04 0.11 0.06 0.03 0.00 0.96 0.11 0.01 0.01 | 0.29 0.18 0.57 0.28 0.38 0.14 0.12 0.28 0.36 0.31 0.35 0.33 | 0.56 0.24 0.13 0.39 0.32 0.88 0.25 0.55 0.46 0.44 0.00 0.19 | 0.08 0.05 0.14 0.04 0.09 0.06 0.04 0.00 0.98 0.10 0.01 0.01 | 0.27 0.16 0.57 0.27 0.34 0.20 0.14 0.28 0.39 0.31 0.35 0.28 |
ENTJ_F_A       0.55 0.26 0.13 0.40 0.32 0.76 0.22 0.56 0.43 0.44 0.00 0.26 | 0.07 0.05 0.14 0.04 0.09 0.05 0.03 0.00 0.96 0.10 0.01 0.01 | 0.26 0.17 0.57 0.29 0.34 0.14 0.12 0.30 0.36 0.31 0.36 0.37 | 0.53 0.23 0.13 0.41 0.35 0.76 0.22 0.56 0.43 0.44 0.00 0.23 | 0.08 0.04 0.14 0.04 0.11 0.06 0.03 0.00 0.96 0.11 0.01 0.01 | 0.25 0.15 0.57 0.29 0.38 0.14 0.12 0.30 0.36 0.31 0.35 0.33 | 0.52 0.22 0.13 0.40 0.32 0.88 0.25 0.56 0.46 0.44 0.00 0.19 | 0.07 0.04 0.14 0.04 0.09 0.06 0.04 0.00 0.98 0.10 0.01 0.01 | 0.23 0.14 0.57 0.29 0.34 0.20 0.14 0.30 0.39 0.31 0.35 0.28 |
ENTJ_M_B       0.60 0.30 0.13 0.39 0.33 0.76 0.22 0.54 0.42 0.44 0.00 0.29 | 0.09 0.06 0.14 0.04 0.09 0.05 0.03 0.00 0.94 0.10 0.02 0.03 | 0.31 0.21 0.58 0.27 0.35 0.14 0.12 0.27 0.35 0.31 0.39 0.41 | 0.58 0.26 0.14 0.40 0.37 0.76 0.22 0.54 0.42 0.44 0.00 0.26 | 0.09 0.05 0.15 0.04 0.11 0.06 0.03 0.00 0.94 0.11 0.02 0.02 | 0.29 0.18 0.59 0.29 0.40 0.14 0.12 0.27 0.35 0.31 0.37 0.36 | 0.56 0.24 0.13 0.39 0.33 0.88 0.25 0.54 0.45 0.44 0.00 0.20 | 0.08 0.05 0.14 0.04 0.09 0.06 0.03 0.00 0.95 0.10 0.01 0.01 | 0.27 0.16 0.58 0.27 0.35 0.20 0.14 0.27 0.38 0.31 0.36 0.29 |
ENTJ_F_B       0.55 0.26 0.13 0.40 0.33 0.76 0.22 0.54 0.42 0.44 0.00 0.28 | 0.07 0.05 0.14 0.04 0.09 0.05 0.03 0.00 0.94 0.10 0.02 0.02 | 0.26 0.17 0.58 0.28 0.35 0.14 0.12 0.28 0.36 0.31 0.38 0.40 | 0.53 0.23 0.14 0.41 0.37 0.76 0.22 0.54 0.42 0.44 0.00 0.25 | 0.08 0.04 0.15 0.04 0.11 0.06 0.03 0.00 0.94 0.11 0.01 0.02 | 0.25 0.15 0.59 0.29 0.40 0.14 0.12 0.28 0.36 0.31 0.36 0.35 | 0.52 0.22 0.13 0.40 0.33 0.88 0.25 0.54 0.46 0.44 0.00 0.20 | 0.07 0.04 0.14 0.04 0.09 0.06 0.03 0.00 0.96 0.10 0.01 0.01 | 0.23 0.14 0.58 0.28 0.35 0.20 0.14 0.28 0.39 0.31 0.36 0.29 |
ENTJ_M_AB      0.58 0.28 0.13 0.39 0.33 0.77 0.22 0.54 0.42 0.45 0.00 0.29 | 0.08 0.06 0.14 0.04 0.09 0.05 0.03 0.00 0.95 0.10 0.02 0.02 | 0.29 0.20 0.58 0.27 0.35 0.15 0.12 0.28 0.35 0.32 0.39 0.40 | 0.57 0.25 0.14 0.40 0.37 0.77 0.22 0.55 0.42 0.45 0.00 0.25 | 0.08 0.05 0.14 0.04 0.11 0.06 0.03 0.00 0.95 0.11 0.02 0.02 | 0.28 0.17 0.58 0.29 0.40 0.15 0.12 0.28 0.35 0.33 0.37 0.35 | 0.55 0.23 0.13 0.39 0.33 0.89 0.25 0.54 0.46 0.45 0.00 0.20 | 0.07 0.05 0.14 0.04 0.09 0.06 0.03 0.00 0.96 0.10 0.01 0.01 | 0.26 0.15 0.58 0.27 0.35 0.21 0.14 0.28 0.39 0.32 0.36 0.29 |
ENTJ_F_AB      0.54 0.25 0.13 0.40 0.32 0.76 0.22 0.55 0.43 0.44 0.00 0.28 | 0.07 0.05 0.14 0.04 0.09 0.05 0.03 0.00 0.95 0.10 0.02 0.02 | 0.25 0.16 0.58 0.28 0.35 0.14 0.12 0.28 0.36 0.32 0.38 0.39 | 0.53 0.22 0.14 0.41 0.37 0.77 0.22 0.55 0.43 0.45 0.00 0.25 | 0.07 0.04 0.14 0.04 0.11 0.06 0.03 0.00 0.95 0.11 0.01 0.02 | 0.24 0.14 0.58 0.29 0.40 0.15 0.12 0.29 0.36 0.32 0.36 0.35 | 0.51 0.21 0.13 0.40 0.32 0.88 0.25 0.55 0.46 0.44 0.00 0.20 | 0.06 0.04 0.14 0.04 0.09 0.06 0.03 0.00 0.97 0.10 0.01 0.01 | 0.23 0.13 0.58 0.28 0.35 0.20 0.14 0.28 0.39 0.32 0.35 0.29 |
