====================================================================================================
TENSOR V3 ??COMPLETE CIRCUIT (329 NODES)
====================================================================================================
Original nodes: 282
Generated nodes: 47
Total nodes: 329
Total wires: 866 (original) + 188 (new)

Particle distribution across all 329 nodes:
  proton: 11 nodes
  gluon: 6 nodes
  muon: 12 nodes
  electron: 16 nodes
  quark: 15 nodes
  higgs: 16 nodes
  w_boson: 12 nodes
  z_boson: 14 nodes
  neutrino: 15 nodes
  tau: 7 nodes
  photon: 10 nodes
  em: 0 nodes
  (unmapped: 195 nodes)

================================================================================================================================================================
TENSOR V3 T[ENTP_M_O, Layer, Geo=Oxford, t]
329 nodes (282 original + 47 generated) | 9-Day Cycle Day 3 | Observer=true
================================================================================================================================================================
Particle     | LA_4:30PM | LA_3:00AM | LA_4:30AM | LB_4:30PM | LB_3:00AM | LB_4:30AM | LC_4:30PM | LC_3:00AM | LC_4:30AM | LD_4:30PM | LD_3:00AM | LD_4:30AM
----------------------------------------------------------------------------------------------------------------------------------------------------------------
proton       |        0.50 |        0.15 |        0.48 |        0.43 |        0.12 |        0.40 |        0.46 |        0.14 |        0.47 |        0.48 |        0.14 |        0.47
gluon        |        0.52 |        0.16 |        0.52 |        0.46 |        0.14 |        0.45 |        0.49 |        0.15 |        0.51 |        0.50 |        0.15 |        0.50
muon         |        0.49 |        0.15 |        0.49 |        0.39 |        0.12 |        0.38 |        0.45 |        0.13 |        0.47 |        0.44 |        0.14 |        0.44
electron     |        0.45 |        0.14 |        0.45 |        0.43 |        0.13 |        0.42 |        0.43 |        0.13 |        0.45 |        0.47 |        0.14 |        0.47
quark        |        0.44 |        0.14 |        0.44 |        0.46 |        0.14 |        0.46 |        0.44 |        0.14 |        0.45 |        0.47 |        0.14 |        0.47
higgs        |        0.54 |        0.15 |        0.48 |        0.46 |        0.12 |        0.39 |        0.50 |        0.14 |        0.47 |        0.52 |        0.14 |        0.46
w_boson      |        0.47 |        0.14 |        0.46 |        0.47 |        0.14 |        0.46 |        0.47 |        0.14 |        0.46 |        0.47 |        0.14 |        0.46
z_boson      |        0.52 |        0.13 |        0.53 |        0.41 |        0.09 |        0.40 |        0.47 |        0.11 |        0.51 |        0.47 |        0.12 |        0.49
neutrino     |        0.47 |        0.82 |        0.47 |        0.40 |        0.76 |        0.39 |        0.44 |        0.80 |        0.46 |        0.44 |        0.81 |        0.44
tau          |        0.54 |        0.16 |        0.54 |        0.40 |        0.12 |        0.37 |        0.47 |        0.14 |        0.51 |        0.47 |        0.15 |        0.48
photon       |        0.19 |        0.12 |        0.45 |        0.18 |        0.11 |        0.42 |        0.18 |        0.11 |        0.45 |        0.18 |        0.12 |        0.45
em           |        0.00 |        0.00 |        0.00 |        0.00 |        0.00 |        0.00 |        0.00 |        0.00 |        0.00 |        0.00 |        0.00 |        0.00

NODES        proton:11 gluon:6 muon:12 electron:16 quark:15 higgs:16 w_boson:12 z_boson:14 neutrino:15 tau:7 photon:10 em:0

================================================================================================================================================================
TENSOR V3 T[ENTP_M_O, Layer, Geo=England, t]
329 nodes (282 original + 47 generated) | 9-Day Cycle Day 3 | Observer=true
================================================================================================================================================================
Particle     | LA_4:30PM | LA_3:00AM | LA_4:30AM | LB_4:30PM | LB_3:00AM | LB_4:30AM | LC_4:30PM | LC_3:00AM | LC_4:30AM | LD_4:30PM | LD_3:00AM | LD_4:30AM
----------------------------------------------------------------------------------------------------------------------------------------------------------------
proton       |        0.49 |        0.15 |        0.46 |        0.45 |        0.13 |        0.42 |        0.46 |        0.14 |        0.45 |        0.47 |        0.14 |        0.46
gluon        |        0.47 |        0.14 |        0.47 |        0.42 |        0.13 |        0.42 |        0.45 |        0.14 |        0.45 |        0.44 |        0.13 |        0.44
muon         |        0.47 |        0.14 |        0.47 |        0.37 |        0.11 |        0.37 |        0.42 |        0.13 |        0.43 |        0.41 |        0.12 |        0.40
electron     |        0.45 |        0.13 |        0.45 |        0.42 |        0.13 |        0.42 |        0.44 |        0.13 |        0.45 |        0.44 |        0.13 |        0.44
quark        |        0.46 |        0.16 |        0.46 |        0.52 |        0.16 |        0.52 |        0.49 |        0.16 |        0.49 |        0.51 |        0.16 |        0.53
higgs        |        0.52 |        0.15 |        0.46 |        0.46 |        0.12 |        0.40 |        0.49 |        0.14 |        0.44 |        0.49 |        0.13 |        0.44
w_boson      |        0.47 |        0.14 |        0.46 |        0.47 |        0.14 |        0.46 |        0.47 |        0.14 |        0.46 |        0.47 |        0.14 |        0.46
z_boson      |        0.49 |        0.12 |        0.50 |        0.37 |        0.09 |        0.39 |        0.43 |        0.11 |        0.46 |        0.42 |        0.10 |        0.43
neutrino     |        0.45 |        0.82 |        0.45 |        0.38 |        0.75 |        0.38 |        0.42 |        0.79 |        0.43 |        0.41 |        0.77 |        0.41
tau          |        0.50 |        0.15 |        0.50 |        0.36 |        0.11 |        0.36 |        0.42 |        0.13 |        0.44 |        0.41 |        0.12 |        0.41
photon       |        0.19 |        0.12 |        0.46 |        0.18 |        0.11 |        0.41 |        0.18 |        0.12 |        0.45 |        0.18 |        0.11 |        0.44
em           |        0.00 |        0.00 |        0.00 |        0.00 |        0.00 |        0.00 |        0.00 |        0.00 |        0.00 |        0.00 |        0.00 |        0.00

NODES        proton:11 gluon:6 muon:12 electron:16 quark:15 higgs:16 w_boson:12 z_boson:14 neutrino:15 tau:7 photon:10 em:0

================================================================================================================================================================
TENSOR V3 T[ENTP_M_O, Layer, Geo=Korea, t]
329 nodes (282 original + 47 generated) | 9-Day Cycle Day 3 | Observer=true
================================================================================================================================================================
Particle     | LA_4:30PM | LA_3:00AM | LA_4:30AM | LB_4:30PM | LB_3:00AM | LB_4:30AM | LC_4:30PM | LC_3:00AM | LC_4:30AM | LD_4:30PM | LD_3:00AM | LD_4:30AM
----------------------------------------------------------------------------------------------------------------------------------------------------------------
proton       |        0.45 |        0.14 |        0.42 |        0.41 |        0.12 |        0.37 |        0.42 |        0.13 |        0.42 |        0.45 |        0.12 |        0.41
gluon        |        0.46 |        0.14 |        0.46 |        0.42 |        0.13 |        0.41 |        0.43 |        0.13 |        0.45 |        0.45 |        0.13 |        0.43
muon         |        0.46 |        0.14 |        0.46 |        0.37 |        0.11 |        0.36 |        0.42 |        0.13 |        0.44 |        0.43 |        0.12 |        0.40
electron     |        0.42 |        0.12 |        0.42 |        0.41 |        0.12 |        0.40 |        0.40 |        0.12 |        0.42 |        0.45 |        0.13 |        0.43
quark        |        0.42 |        0.14 |        0.42 |        0.45 |        0.14 |        0.45 |        0.44 |        0.14 |        0.44 |        0.45 |        0.14 |        0.45
higgs        |        0.51 |        0.14 |        0.45 |        0.45 |        0.12 |        0.37 |        0.48 |        0.13 |        0.44 |        0.51 |        0.13 |        0.42
w_boson      |        0.47 |        0.14 |        0.46 |        0.47 |        0.14 |        0.46 |        0.47 |        0.14 |        0.46 |        0.47 |        0.14 |        0.46
z_boson      |        0.46 |        0.11 |        0.47 |        0.37 |        0.09 |        0.37 |        0.41 |        0.10 |        0.45 |        0.44 |        0.09 |        0.41
neutrino     |        0.43 |        0.80 |        0.43 |        0.38 |        0.75 |        0.37 |        0.40 |        0.77 |        0.42 |        0.42 |        0.77 |        0.40
tau          |        0.46 |        0.14 |        0.46 |        0.35 |        0.11 |        0.33 |        0.40 |        0.12 |        0.43 |        0.43 |        0.12 |        0.39
photon       |        0.19 |        0.12 |        0.48 |        0.18 |        0.11 |        0.42 |        0.18 |        0.12 |        0.47 |        0.18 |        0.12 |        0.46
em           |        0.00 |        0.00 |        0.00 |        0.00 |        0.00 |        0.00 |        0.00 |        0.00 |        0.00 |        0.00 |        0.00 |        0.00

NODES        proton:11 gluon:6 muon:12 electron:16 quark:15 higgs:16 w_boson:12 z_boson:14 neutrino:15 tau:7 photon:10 em:0

==================================================================================================================================
GEOGRAPHIC AXIS COMPARISON: ENTP_M_O, Day 3, Layer A, 329 nodes
==================================================================================================================================
Particle     | Oxf_4:30PM | Oxf_3:00AM | Oxf_4:30AM | Eng_4:30PM | Eng_3:00AM | Eng_4:30AM | Kor_4:30PM | Kor_3:00AM | Kor_4:30AM
----------------------------------------------------------------------------------------------------------------------------------
proton       |     0.50 |     0.15 |     0.48 |     0.49 |     0.15 |     0.46 |     0.45 |     0.14 |     0.42
gluon        |     0.52 |     0.16 |     0.52 |     0.47 |     0.14 |     0.47 |     0.46 |     0.14 |     0.46
muon         |     0.49 |     0.15 |     0.49 |     0.47 |     0.14 |     0.47 |     0.46 |     0.14 |     0.46
electron     |     0.45 |     0.14 |     0.45 |     0.45 |     0.13 |     0.45 |     0.42 |     0.12 |     0.42
quark        |     0.44 |     0.14 |     0.44 |     0.46 |     0.16 |     0.46 |     0.42 |     0.14 |     0.42
higgs        |     0.54 |     0.15 |     0.48 |     0.52 |     0.15 |     0.46 |     0.51 |     0.14 |     0.45
w_boson      |     0.47 |     0.14 |     0.46 |     0.47 |     0.14 |     0.46 |     0.47 |     0.14 |     0.46
z_boson      |     0.52 |     0.13 |     0.53 |     0.49 |     0.12 |     0.50 |     0.46 |     0.11 |     0.47
neutrino     |     0.47 |     0.82 |     0.47 |     0.45 |     0.82 |     0.45 |     0.43 |     0.80 |     0.43
tau          |     0.54 |     0.16 |     0.54 |     0.50 |     0.15 |     0.50 |     0.46 |     0.14 |     0.46
photon       |     0.19 |     0.12 |     0.45 |     0.19 |     0.12 |     0.46 |     0.19 |     0.12 |     0.48
em           |     0.00 |     0.00 |     0.00 |     0.00 |     0.00 |     0.00 |     0.00 |     0.00 |     0.00

========================================================================================================================================================================================================
ALL 128 PROFILES 횞 3 GEO 횞 3 TIMES 횞 12 PARTICLES (Layer A, Observer, Day 3, 329 nodes)
========================================================================================================================================================================================================
ENFP_M_O       0.52 0.53 0.50 0.50 0.44 0.56 0.47 0.54 0.48 0.56 0.20 0.00 | 0.16 0.16 0.15 0.15 0.15 0.16 0.14 0.13 0.82 0.17 0.13 0.00 | 0.49 0.53 0.50 0.50 0.44 0.50 0.46 0.55 0.48 0.56 0.49 0.00 | 0.50 0.48 0.48 0.49 0.46 0.54 0.47 0.51 0.46 0.52 0.19 0.00 | 0.16 0.14 0.14 0.15 0.17 0.15 0.14 0.12 0.82 0.16 0.12 0.00 | 0.48 0.48 0.48 0.49 0.46 0.48 0.46 0.52 0.46 0.52 0.48 0.00 | 0.46 0.46 0.47 0.47 0.43 0.52 0.47 0.47 0.44 0.47 0.18 0.00 | 0.14 0.14 0.14 0.14 0.14 0.14 0.14 0.11 0.81 0.14 0.13 0.00 | 0.44 0.46 0.47 0.47 0.43 0.46 0.46 0.48 0.44 0.47 0.51 0.00 |
ENFP_F_O       0.42 0.48 0.44 0.45 0.40 0.46 0.47 0.44 0.43 0.43 0.18 0.00 | 0.13 0.14 0.13 0.13 0.14 0.13 0.14 0.10 0.79 0.13 0.13 0.00 | 0.40 0.48 0.44 0.45 0.40 0.40 0.46 0.45 0.43 0.43 0.49 0.00 | 0.41 0.44 0.42 0.44 0.41 0.45 0.47 0.42 0.41 0.41 0.18 0.00 | 0.13 0.13 0.13 0.13 0.16 0.13 0.14 0.10 0.78 0.12 0.13 0.00 | 0.38 0.44 0.42 0.44 0.41 0.39 0.46 0.43 0.41 0.41 0.48 0.00 | 0.39 0.43 0.44 0.43 0.39 0.45 0.47 0.39 0.40 0.38 0.23 0.00 | 0.12 0.13 0.13 0.13 0.13 0.12 0.14 0.09 0.77 0.11 0.14 0.00 | 0.36 0.43 0.44 0.43 0.39 0.38 0.46 0.41 0.40 0.38 0.54 0.00 |
ENFP_M_A       0.47 0.50 0.44 0.47 0.44 0.50 0.47 0.47 0.44 0.47 0.18 0.00 | 0.14 0.15 0.13 0.14 0.14 0.14 0.14 0.11 0.80 0.14 0.12 0.00 | 0.44 0.50 0.44 0.47 0.44 0.44 0.46 0.48 0.44 0.47 0.45 0.00 | 0.46 0.45 0.43 0.45 0.48 0.49 0.47 0.44 0.42 0.44 0.18 0.00 | 0.14 0.14 0.13 0.14 0.16 0.14 0.14 0.10 0.79 0.13 0.11 0.00 | 0.44 0.45 0.43 0.45 0.48 0.44 0.46 0.46 0.42 0.44 0.45 0.00 | 0.42 0.44 0.42 0.44 0.43 0.48 0.47 0.42 0.41 0.41 0.18 0.00 | 0.13 0.13 0.13 0.13 0.14 0.13 0.14 0.10 0.77 0.12 0.12 0.00 | 0.40 0.44 0.42 0.44 0.43 0.42 0.46 0.43 0.41 0.41 0.47 0.00 |
ENFP_F_A       0.40 0.46 0.41 0.43 0.40 0.44 0.47 0.41 0.41 0.40 0.18 0.00 | 0.12 0.14 0.12 0.13 0.14 0.12 0.14 0.09 0.77 0.12 0.12 0.00 | 0.38 0.46 0.41 0.43 0.40 0.38 0.46 0.42 0.41 0.40 0.47 0.00 | 0.40 0.43 0.40 0.42 0.42 0.43 0.47 0.39 0.40 0.38 0.18 0.00 | 0.13 0.13 0.12 0.13 0.15 0.12 0.14 0.09 0.76 0.11 0.12 0.00 | 0.37 0.43 0.40 0.42 0.42 0.37 0.46 0.40 0.40 0.38 0.46 0.00 | 0.37 0.42 0.41 0.42 0.40 0.43 0.47 0.38 0.39 0.36 0.20 0.00 | 0.11 0.13 0.12 0.12 0.13 0.12 0.14 0.09 0.75 0.11 0.13 0.00 | 0.35 0.42 0.41 0.42 0.40 0.37 0.46 0.39 0.39 0.36 0.51 0.00 |
ENFP_M_B       0.48 0.51 0.46 0.48 0.43 0.52 0.47 0.50 0.45 0.51 0.19 0.00 | 0.14 0.15 0.14 0.14 0.14 0.14 0.14 0.12 0.81 0.15 0.12 0.00 | 0.46 0.51 0.46 0.48 0.43 0.46 0.46 0.51 0.45 0.51 0.46 0.00 | 0.47 0.46 0.44 0.47 0.45 0.50 0.47 0.47 0.44 0.47 0.18 0.00 | 0.15 0.14 0.13 0.14 0.16 0.14 0.14 0.11 0.80 0.14 0.12 0.00 | 0.44 0.46 0.44 0.47 0.45 0.44 0.46 0.48 0.44 0.47 0.45 0.00 | 0.43 0.45 0.43 0.45 0.42 0.49 0.47 0.44 0.42 0.44 0.18 0.00 | 0.13 0.14 0.13 0.14 0.14 0.13 0.14 0.10 0.78 0.13 0.12 0.00 | 0.41 0.45 0.43 0.45 0.42 0.43 0.46 0.45 0.42 0.44 0.47 0.00 |
ENFP_F_B       0.41 0.47 0.43 0.44 0.40 0.45 0.47 0.43 0.42 0.42 0.18 0.00 | 0.13 0.14 0.13 0.13 0.14 0.13 0.14 0.10 0.78 0.13 0.12 0.00 | 0.39 0.47 0.43 0.44 0.40 0.40 0.46 0.44 0.42 0.42 0.47 0.00 | 0.40 0.44 0.41 0.43 0.41 0.44 0.47 0.41 0.41 0.40 0.18 0.00 | 0.13 0.13 0.12 0.13 0.16 0.13 0.14 0.09 0.77 0.12 0.12 0.00 | 0.38 0.44 0.41 0.43 0.41 0.38 0.46 0.42 0.41 0.40 0.47 0.00 | 0.38 0.43 0.42 0.42 0.39 0.44 0.47 0.39 0.40 0.38 0.20 0.00 | 0.12 0.13 0.13 0.13 0.13 0.12 0.14 0.09 0.76 0.11 0.13 0.00 | 0.36 0.43 0.42 0.42 0.39 0.38 0.46 0.40 0.40 0.38 0.51 0.00 |
ENFP_M_AB      0.47 0.50 0.45 0.47 0.43 0.51 0.47 0.49 0.44 0.49 0.18 0.00 | 0.14 0.15 0.14 0.14 0.14 0.14 0.14 0.12 0.81 0.15 0.12 0.00 | 0.45 0.50 0.45 0.47 0.43 0.45 0.46 0.50 0.44 0.49 0.45 0.00 | 0.47 0.46 0.43 0.46 0.46 0.50 0.47 0.46 0.43 0.46 0.18 0.00 | 0.14 0.14 0.13 0.14 0.16 0.14 0.14 0.11 0.79 0.14 0.11 0.00 | 0.44 0.46 0.43 0.46 0.46 0.44 0.46 0.47 0.43 0.46 0.45 0.00 | 0.43 0.45 0.42 0.44 0.42 0.49 0.47 0.43 0.41 0.42 0.18 0.00 | 0.13 0.13 0.13 0.13 0.14 0.13 0.14 0.10 0.78 0.13 0.12 0.00 | 0.41 0.45 0.42 0.44 0.42 0.42 0.46 0.44 0.41 0.42 0.46 0.00 |
ENFP_F_AB      0.41 0.47 0.42 0.44 0.40 0.45 0.47 0.42 0.41 0.41 0.18 0.00 | 0.13 0.14 0.13 0.13 0.14 0.12 0.14 0.10 0.78 0.12 0.12 0.00 | 0.39 0.47 0.42 0.44 0.40 0.39 0.46 0.43 0.41 0.41 0.46 0.00 | 0.40 0.43 0.40 0.43 0.42 0.44 0.47 0.40 0.40 0.39 0.18 0.00 | 0.13 0.13 0.12 0.13 0.16 0.13 0.14 0.09 0.77 0.12 0.12 0.00 | 0.38 0.43 0.40 0.43 0.42 0.38 0.46 0.41 0.40 0.39 0.46 0.00 | 0.38 0.42 0.41 0.42 0.40 0.44 0.47 0.38 0.39 0.37 0.19 0.00 | 0.12 0.13 0.12 0.13 0.13 0.12 0.14 0.09 0.76 0.11 0.13 0.00 | 0.36 0.42 0.41 0.42 0.40 0.37 0.46 0.39 0.39 0.37 0.49 0.00 |
ISFP_M_O       0.34 0.40 0.34 0.33 0.44 0.37 0.42 0.29 0.33 0.26 0.18 0.00 | 0.10 0.12 0.10 0.10 0.13 0.09 0.12 0.09 0.69 0.08 0.11 0.00 | 0.32 0.40 0.34 0.33 0.44 0.31 0.41 0.30 0.33 0.26 0.42 0.00 | 0.38 0.38 0.34 0.34 0.51 0.39 0.37 0.29 0.33 0.26 0.18 0.00 | 0.11 0.11 0.10 0.10 0.15 0.10 0.11 0.09 0.69 0.08 0.11 0.00 | 0.36 0.38 0.34 0.34 0.51 0.33 0.36 0.30 0.33 0.26 0.44 0.00 | 0.34 0.38 0.34 0.33 0.44 0.38 0.35 0.29 0.33 0.26 0.18 0.00 | 0.10 0.11 0.10 0.10 0.13 0.09 0.10 0.09 0.69 0.08 0.11 0.00 | 0.32 0.38 0.34 0.33 0.44 0.32 0.34 0.30 0.33 0.26 0.42 0.00 |
ISFP_F_O       0.31 0.40 0.34 0.33 0.39 0.34 0.38 0.29 0.33 0.26 0.18 0.00 | 0.09 0.12 0.10 0.10 0.13 0.09 0.11 0.09 0.69 0.08 0.11 0.00 | 0.29 0.40 0.34 0.33 0.39 0.28 0.38 0.30 0.33 0.26 0.42 0.00 | 0.33 0.38 0.34 0.34 0.42 0.35 0.35 0.29 0.33 0.25 0.18 0.00 | 0.10 0.11 0.10 0.10 0.15 0.10 0.10 0.09 0.69 0.08 0.11 0.00 | 0.30 0.38 0.34 0.34 0.42 0.29 0.34 0.30 0.33 0.25 0.43 0.00 | 0.31 0.38 0.34 0.33 0.39 0.36 0.34 0.29 0.33 0.25 0.18 0.00 | 0.09 0.11 0.10 0.10 0.13 0.09 0.10 0.09 0.69 0.08 0.11 0.00 | 0.29 0.38 0.34 0.33 0.39 0.29 0.33 0.30 0.33 0.25 0.42 0.00 |
ISFP_M_A       0.33 0.40 0.34 0.34 0.42 0.36 0.46 0.29 0.33 0.26 0.18 0.00 | 0.09 0.12 0.10 0.10 0.13 0.09 0.14 0.09 0.69 0.08 0.11 0.00 | 0.31 0.40 0.34 0.34 0.42 0.30 0.45 0.30 0.33 0.26 0.43 0.00 | 0.36 0.38 0.34 0.36 0.47 0.37 0.39 0.29 0.33 0.26 0.18 0.00 | 0.10 0.11 0.10 0.11 0.15 0.10 0.11 0.09 0.69 0.08 0.11 0.00 | 0.33 0.38 0.34 0.36 0.47 0.32 0.38 0.30 0.33 0.26 0.45 0.00 | 0.33 0.38 0.34 0.34 0.42 0.37 0.36 0.29 0.33 0.26 0.18 0.00 | 0.09 0.11 0.10 0.10 0.13 0.09 0.11 0.09 0.69 0.08 0.11 0.00 | 0.31 0.38 0.34 0.34 0.42 0.30 0.35 0.30 0.33 0.26 0.43 0.00 |
ISFP_F_A       0.31 0.40 0.34 0.34 0.39 0.34 0.43 0.29 0.33 0.26 0.18 0.00 | 0.09 0.12 0.10 0.10 0.13 0.09 0.13 0.09 0.69 0.08 0.11 0.00 | 0.29 0.40 0.34 0.34 0.39 0.28 0.42 0.30 0.33 0.26 0.43 0.00 | 0.32 0.38 0.34 0.36 0.41 0.35 0.37 0.29 0.33 0.25 0.18 0.00 | 0.10 0.11 0.10 0.11 0.15 0.10 0.11 0.09 0.69 0.08 0.11 0.00 | 0.30 0.38 0.34 0.36 0.41 0.29 0.36 0.30 0.33 0.25 0.45 0.00 | 0.31 0.38 0.34 0.34 0.39 0.36 0.35 0.29 0.33 0.25 0.18 0.00 | 0.09 0.11 0.10 0.10 0.13 0.09 0.10 0.09 0.69 0.08 0.11 0.00 | 0.29 0.38 0.34 0.34 0.39 0.29 0.34 0.30 0.33 0.25 0.43 0.00 |
ISFP_M_B       0.33 0.40 0.34 0.33 0.42 0.36 0.41 0.29 0.33 0.26 0.18 0.00 | 0.09 0.12 0.10 0.10 0.13 0.09 0.12 0.09 0.69 0.08 0.11 0.00 | 0.31 0.40 0.34 0.33 0.42 0.30 0.40 0.30 0.33 0.26 0.42 0.00 | 0.36 0.38 0.34 0.34 0.47 0.37 0.36 0.29 0.33 0.26 0.18 0.00 | 0.10 0.11 0.10 0.10 0.15 0.10 0.11 0.09 0.69 0.08 0.11 0.00 | 0.33 0.38 0.34 0.34 0.47 0.32 0.35 0.30 0.33 0.26 0.43 0.00 | 0.33 0.38 0.34 0.33 0.42 0.37 0.35 0.29 0.33 0.26 0.18 0.00 | 0.09 0.11 0.10 0.10 0.13 0.09 0.10 0.09 0.69 0.08 0.11 0.00 | 0.31 0.38 0.34 0.33 0.42 0.30 0.34 0.30 0.33 0.26 0.42 0.00 |
ISFP_F_B       0.31 0.40 0.34 0.33 0.39 0.34 0.38 0.29 0.33 0.26 0.18 0.00 | 0.09 0.12 0.10 0.10 0.13 0.09 0.11 0.09 0.69 0.08 0.11 0.00 | 0.29 0.40 0.34 0.33 0.39 0.28 0.38 0.30 0.33 0.26 0.42 0.00 | 0.32 0.38 0.34 0.34 0.41 0.35 0.35 0.29 0.33 0.25 0.18 0.00 | 0.10 0.11 0.10 0.10 0.15 0.10 0.10 0.09 0.69 0.08 0.11 0.00 | 0.30 0.38 0.34 0.34 0.41 0.29 0.34 0.30 0.33 0.25 0.43 0.00 | 0.31 0.38 0.34 0.33 0.39 0.36 0.34 0.29 0.33 0.25 0.18 0.00 | 0.09 0.11 0.10 0.10 0.13 0.09 0.10 0.09 0.69 0.08 0.11 0.00 | 0.29 0.38 0.34 0.33 0.39 0.29 0.33 0.30 0.33 0.25 0.42 0.00 |
ISFP_M_AB      0.34 0.41 0.35 0.34 0.41 0.36 0.42 0.30 0.33 0.27 0.18 0.00 | 0.10 0.12 0.10 0.10 0.13 0.09 0.12 0.09 0.70 0.08 0.11 0.00 | 0.31 0.41 0.35 0.34 0.41 0.30 0.41 0.32 0.33 0.27 0.43 0.00 | 0.36 0.38 0.35 0.35 0.46 0.38 0.37 0.30 0.33 0.27 0.18 0.00 | 0.11 0.12 0.10 0.10 0.15 0.10 0.11 0.09 0.70 0.08 0.11 0.00 | 0.33 0.38 0.35 0.35 0.46 0.32 0.36 0.31 0.33 0.27 0.44 0.00 | 0.33 0.38 0.35 0.33 0.41 0.37 0.35 0.30 0.33 0.27 0.18 0.00 | 0.10 0.12 0.10 0.10 0.13 0.10 0.10 0.09 0.70 0.08 0.11 0.00 | 0.31 0.38 0.35 0.33 0.41 0.31 0.34 0.31 0.33 0.27 0.43 0.00 |
ISFP_F_AB      0.31 0.41 0.35 0.33 0.39 0.35 0.40 0.30 0.33 0.26 0.18 0.00 | 0.10 0.12 0.10 0.10 0.13 0.09 0.12 0.09 0.70 0.08 0.11 0.00 | 0.29 0.41 0.35 0.33 0.39 0.29 0.39 0.31 0.33 0.26 0.43 0.00 | 0.32 0.38 0.35 0.35 0.41 0.35 0.36 0.30 0.33 0.26 0.18 0.00 | 0.11 0.11 0.10 0.10 0.15 0.10 0.10 0.09 0.70 0.08 0.11 0.00 | 0.30 0.38 0.35 0.35 0.41 0.29 0.35 0.31 0.33 0.26 0.44 0.00 | 0.31 0.38 0.34 0.33 0.39 0.36 0.34 0.30 0.33 0.26 0.18 0.00 | 0.10 0.11 0.10 0.10 0.13 0.09 0.10 0.09 0.70 0.08 0.11 0.00 | 0.29 0.38 0.34 0.33 0.39 0.29 0.33 0.31 0.33 0.26 0.43 0.00 |
ESFJ_M_O       0.40 0.46 0.40 0.37 0.41 0.43 0.47 0.39 0.40 0.38 0.18 0.00 | 0.12 0.14 0.12 0.11 0.14 0.12 0.14 0.09 0.77 0.11 0.10 0.00 | 0.37 0.46 0.40 0.37 0.41 0.37 0.46 0.40 0.40 0.38 0.41 0.00 | 0.40 0.42 0.39 0.36 0.44 0.43 0.47 0.38 0.39 0.36 0.18 0.00 | 0.13 0.13 0.12 0.11 0.16 0.12 0.14 0.09 0.76 0.11 0.10 0.00 | 0.38 0.42 0.39 0.36 0.44 0.37 0.46 0.39 0.39 0.36 0.40 0.00 | 0.37 0.41 0.40 0.35 0.41 0.43 0.47 0.36 0.38 0.34 0.19 0.00 | 0.11 0.12 0.12 0.11 0.14 0.11 0.14 0.09 0.75 0.10 0.11 0.00 | 0.35 0.41 0.40 0.35 0.41 0.36 0.46 0.38 0.38 0.34 0.44 0.00 |
ESFJ_F_O       0.35 0.43 0.38 0.34 0.39 0.39 0.47 0.35 0.38 0.33 0.18 0.00 | 0.11 0.13 0.11 0.10 0.13 0.11 0.14 0.09 0.74 0.10 0.11 0.00 | 0.33 0.43 0.38 0.34 0.39 0.33 0.46 0.36 0.38 0.33 0.42 0.00 | 0.35 0.40 0.38 0.34 0.40 0.38 0.47 0.34 0.37 0.32 0.18 0.00 | 0.12 0.12 0.11 0.10 0.15 0.11 0.14 0.09 0.74 0.09 0.11 0.00 | 0.32 0.40 0.38 0.34 0.40 0.32 0.46 0.35 0.37 0.32 0.42 0.00 | 0.34 0.40 0.40 0.33 0.38 0.39 0.47 0.33 0.37 0.31 0.24 0.00 | 0.10 0.12 0.12 0.10 0.13 0.10 0.14 0.09 0.74 0.09 0.13 0.00 | 0.31 0.40 0.40 0.33 0.38 0.32 0.46 0.34 0.37 0.31 0.49 0.00 |
ESFJ_M_A       0.43 0.47 0.42 0.38 0.43 0.47 0.47 0.43 0.41 0.42 0.18 0.00 | 0.13 0.14 0.12 0.12 0.14 0.13 0.14 0.10 0.78 0.13 0.10 0.00 | 0.41 0.47 0.42 0.38 0.43 0.41 0.46 0.44 0.41 0.42 0.40 0.00 | 0.44 0.44 0.40 0.37 0.47 0.46 0.47 0.41 0.40 0.40 0.18 0.00 | 0.13 0.13 0.12 0.11 0.16 0.13 0.14 0.09 0.77 0.12 0.10 0.00 | 0.41 0.44 0.40 0.37 0.47 0.40 0.46 0.42 0.40 0.40 0.40 0.00 | 0.40 0.43 0.40 0.36 0.42 0.45 0.47 0.39 0.39 0.37 0.18 0.00 | 0.12 0.13 0.12 0.11 0.13 0.12 0.14 0.09 0.76 0.11 0.11 0.00 | 0.38 0.43 0.40 0.36 0.42 0.39 0.46 0.40 0.39 0.37 0.42 0.00 |
ESFJ_F_A       0.38 0.45 0.40 0.36 0.40 0.42 0.47 0.38 0.39 0.37 0.18 0.00 | 0.12 0.13 0.12 0.11 0.13 0.11 0.14 0.09 0.76 0.11 0.11 0.00 | 0.36 0.45 0.40 0.36 0.40 0.36 0.46 0.39 0.39 0.37 0.42 0.00 | 0.38 0.42 0.39 0.35 0.42 0.41 0.47 0.37 0.39 0.35 0.18 0.00 | 0.12 0.12 0.12 0.11 0.15 0.12 0.14 0.09 0.75 0.10 0.10 0.00 | 0.35 0.42 0.39 0.35 0.42 0.35 0.46 0.38 0.39 0.35 0.41 0.00 | 0.36 0.41 0.40 0.35 0.39 0.41 0.47 0.36 0.38 0.33 0.21 0.00 | 0.11 0.12 0.12 0.10 0.13 0.11 0.14 0.09 0.74 0.10 0.12 0.00 | 0.34 0.41 0.40 0.35 0.39 0.35 0.46 0.37 0.38 0.33 0.47 0.00 |
ESFJ_M_B       0.41 0.46 0.41 0.38 0.41 0.44 0.47 0.41 0.41 0.40 0.18 0.00 | 0.12 0.14 0.12 0.11 0.14 0.12 0.14 0.09 0.77 0.12 0.10 0.00 | 0.38 0.46 0.41 0.38 0.41 0.38 0.46 0.42 0.41 0.40 0.40 0.00 | 0.41 0.43 0.39 0.37 0.44 0.44 0.47 0.39 0.40 0.38 0.18 0.00 | 0.13 0.13 0.12 0.11 0.15 0.12 0.14 0.09 0.76 0.11 0.10 0.00 | 0.38 0.43 0.39 0.37 0.44 0.38 0.46 0.40 0.40 0.38 0.40 0.00 | 0.38 0.42 0.40 0.36 0.41 0.44 0.47 0.38 0.39 0.36 0.18 0.00 | 0.11 0.13 0.12 0.11 0.13 0.12 0.14 0.09 0.75 0.11 0.11 0.00 | 0.36 0.42 0.40 0.36 0.41 0.37 0.46 0.39 0.39 0.36 0.43 0.00 |
ESFJ_F_B       0.37 0.44 0.39 0.35 0.39 0.40 0.47 0.37 0.39 0.35 0.18 0.00 | 0.11 0.13 0.12 0.11 0.13 0.11 0.14 0.09 0.76 0.11 0.11 0.00 | 0.34 0.44 0.39 0.35 0.39 0.34 0.46 0.38 0.39 0.35 0.43 0.00 | 0.36 0.41 0.39 0.35 0.40 0.40 0.47 0.36 0.38 0.34 0.18 0.00 | 0.12 0.12 0.12 0.10 0.15 0.11 0.14 0.09 0.75 0.10 0.11 0.00 | 0.34 0.41 0.39 0.35 0.40 0.34 0.46 0.37 0.38 0.34 0.42 0.00 | 0.35 0.41 0.41 0.34 0.39 0.40 0.47 0.35 0.38 0.32 0.23 0.00 | 0.11 0.12 0.12 0.10 0.13 0.11 0.14 0.09 0.74 0.10 0.13 0.00 | 0.32 0.41 0.41 0.34 0.39 0.34 0.46 0.36 0.38 0.32 0.48 0.00 |
ESFJ_M_AB      0.42 0.47 0.41 0.38 0.42 0.45 0.47 0.42 0.41 0.41 0.18 0.00 | 0.12 0.14 0.12 0.11 0.14 0.12 0.14 0.10 0.77 0.12 0.10 0.00 | 0.39 0.47 0.41 0.38 0.42 0.39 0.46 0.43 0.41 0.41 0.40 0.00 | 0.42 0.43 0.39 0.37 0.45 0.45 0.47 0.40 0.40 0.38 0.18 0.00 | 0.13 0.13 0.12 0.11 0.16 0.13 0.14 0.09 0.76 0.12 0.10 0.00 | 0.40 0.43 0.39 0.37 0.45 0.39 0.46 0.41 0.40 0.38 0.40 0.00 | 0.39 0.42 0.40 0.36 0.41 0.44 0.47 0.38 0.39 0.36 0.18 0.00 | 0.12 0.13 0.12 0.11 0.13 0.12 0.14 0.09 0.75 0.11 0.11 0.00 | 0.36 0.42 0.40 0.36 0.41 0.38 0.46 0.39 0.39 0.36 0.42 0.00 |
ESFJ_F_AB      0.37 0.45 0.39 0.36 0.39 0.41 0.47 0.37 0.39 0.36 0.18 0.00 | 0.11 0.13 0.12 0.11 0.13 0.11 0.14 0.09 0.75 0.11 0.11 0.00 | 0.35 0.45 0.39 0.36 0.39 0.35 0.46 0.39 0.39 0.36 0.42 0.00 | 0.37 0.41 0.38 0.35 0.41 0.40 0.47 0.36 0.38 0.34 0.18 0.00 | 0.12 0.12 0.12 0.11 0.15 0.12 0.14 0.09 0.75 0.10 0.11 0.00 | 0.34 0.41 0.38 0.35 0.41 0.34 0.46 0.37 0.38 0.34 0.42 0.00 | 0.35 0.41 0.40 0.35 0.39 0.41 0.47 0.35 0.38 0.33 0.22 0.00 | 0.11 0.12 0.12 0.10 0.13 0.11 0.14 0.09 0.74 0.10 0.12 0.00 | 0.33 0.41 0.40 0.35 0.39 0.34 0.46 0.36 0.38 0.33 0.47 0.00 |
INTP_M_O       0.43 0.46 0.38 0.41 0.46 0.46 0.47 0.39 0.39 0.38 0.18 0.00 | 0.12 0.14 0.11 0.12 0.14 0.12 0.14 0.09 0.75 0.11 0.10 0.00 | 0.41 0.46 0.38 0.41 0.46 0.40 0.46 0.40 0.39 0.38 0.41 0.00 | 0.45 0.42 0.37 0.44 0.52 0.47 0.47 0.38 0.38 0.36 0.20 0.00 | 0.13 0.13 0.11 0.13 0.16 0.12 0.14 0.09 0.74 0.11 0.11 0.00 | 0.43 0.42 0.37 0.44 0.52 0.41 0.46 0.39 0.38 0.36 0.44 0.00 | 0.41 0.41 0.37 0.40 0.46 0.45 0.47 0.36 0.37 0.34 0.18 0.00 | 0.11 0.12 0.11 0.12 0.14 0.12 0.14 0.09 0.74 0.10 0.11 0.00 | 0.38 0.41 0.37 0.40 0.46 0.39 0.46 0.38 0.37 0.34 0.42 0.00 |
INTP_F_O       0.36 0.43 0.36 0.38 0.40 0.39 0.47 0.35 0.36 0.33 0.18 0.00 | 0.11 0.13 0.11 0.12 0.13 0.11 0.14 0.09 0.73 0.10 0.10 0.00 | 0.34 0.43 0.36 0.38 0.40 0.34 0.46 0.36 0.36 0.33 0.40 0.00 | 0.37 0.40 0.35 0.41 0.44 0.40 0.47 0.34 0.36 0.32 0.19 0.00 | 0.12 0.12 0.10 0.12 0.15 0.11 0.14 0.09 0.73 0.09 0.11 0.00 | 0.35 0.40 0.35 0.41 0.44 0.34 0.46 0.35 0.36 0.32 0.43 0.00 | 0.35 0.40 0.35 0.38 0.40 0.40 0.47 0.33 0.35 0.31 0.18 0.00 | 0.10 0.12 0.11 0.11 0.13 0.10 0.14 0.09 0.72 0.09 0.11 0.00 | 0.32 0.40 0.35 0.38 0.40 0.33 0.46 0.34 0.35 0.31 0.42 0.00 |
INTP_M_A       0.44 0.47 0.41 0.42 0.45 0.47 0.47 0.43 0.41 0.42 0.18 0.00 | 0.13 0.14 0.12 0.13 0.14 0.13 0.14 0.10 0.77 0.13 0.10 0.00 | 0.42 0.47 0.41 0.42 0.45 0.42 0.46 0.44 0.41 0.42 0.41 0.00 | 0.46 0.44 0.40 0.43 0.51 0.48 0.47 0.41 0.40 0.40 0.18 0.00 | 0.13 0.13 0.12 0.13 0.16 0.13 0.14 0.09 0.76 0.12 0.11 0.00 | 0.43 0.44 0.40 0.43 0.51 0.42 0.46 0.42 0.40 0.40 0.43 0.00 | 0.41 0.43 0.39 0.40 0.44 0.46 0.47 0.39 0.39 0.37 0.18 0.00 | 0.12 0.13 0.12 0.12 0.13 0.12 0.14 0.09 0.75 0.11 0.11 0.00 | 0.39 0.43 0.39 0.40 0.44 0.40 0.46 0.40 0.39 0.37 0.42 0.00 |
INTP_F_A       0.38 0.45 0.39 0.39 0.41 0.42 0.47 0.38 0.39 0.37 0.18 0.00 | 0.12 0.13 0.12 0.12 0.13 0.11 0.14 0.09 0.75 0.11 0.11 0.00 | 0.36 0.45 0.39 0.39 0.41 0.36 0.46 0.39 0.39 0.37 0.42 0.00 | 0.39 0.42 0.38 0.41 0.43 0.42 0.47 0.37 0.38 0.35 0.18 0.00 | 0.12 0.12 0.11 0.12 0.15 0.12 0.14 0.09 0.75 0.10 0.11 0.00 | 0.36 0.42 0.38 0.41 0.43 0.36 0.46 0.38 0.38 0.35 0.44 0.00 | 0.36 0.41 0.39 0.38 0.40 0.42 0.47 0.36 0.37 0.33 0.18 0.00 | 0.11 0.12 0.12 0.11 0.13 0.11 0.14 0.09 0.74 0.10 0.12 0.00 | 0.34 0.41 0.39 0.38 0.40 0.35 0.46 0.37 0.37 0.33 0.45 0.00 |
INTP_M_B       0.43 0.46 0.39 0.41 0.45 0.46 0.47 0.41 0.40 0.40 0.18 0.00 | 0.12 0.14 0.12 0.12 0.14 0.12 0.14 0.09 0.76 0.12 0.10 0.00 | 0.41 0.46 0.39 0.41 0.45 0.40 0.46 0.42 0.40 0.40 0.40 0.00 | 0.45 0.43 0.38 0.43 0.52 0.47 0.47 0.39 0.39 0.38 0.18 0.00 | 0.13 0.13 0.11 0.13 0.16 0.12 0.14 0.09 0.75 0.11 0.11 0.00 | 0.43 0.43 0.38 0.43 0.52 0.41 0.46 0.40 0.39 0.38 0.42 0.00 | 0.41 0.42 0.37 0.39 0.45 0.45 0.47 0.38 0.38 0.36 0.18 0.00 | 0.12 0.13 0.11 0.12 0.13 0.12 0.14 0.09 0.74 0.11 0.10 0.00 | 0.38 0.42 0.37 0.39 0.45 0.39 0.46 0.39 0.38 0.36 0.40 0.00 |
INTP_F_B       0.38 0.44 0.37 0.39 0.41 0.41 0.47 0.37 0.38 0.35 0.18 0.00 | 0.11 0.13 0.11 0.12 0.13 0.11 0.14 0.09 0.74 0.11 0.10 0.00 | 0.35 0.44 0.37 0.39 0.41 0.35 0.46 0.38 0.38 0.35 0.40 0.00 | 0.38 0.41 0.36 0.41 0.44 0.41 0.47 0.36 0.37 0.34 0.18 0.00 | 0.12 0.12 0.11 0.12 0.15 0.11 0.14 0.09 0.73 0.10 0.11 0.00 | 0.36 0.41 0.36 0.41 0.44 0.35 0.46 0.37 0.37 0.34 0.42 0.00 | 0.36 0.41 0.36 0.37 0.40 0.41 0.47 0.35 0.36 0.32 0.18 0.00 | 0.11 0.12 0.11 0.11 0.13 0.11 0.14 0.09 0.73 0.10 0.11 0.00 | 0.34 0.41 0.36 0.37 0.40 0.35 0.46 0.36 0.36 0.32 0.42 0.00 |
INTP_M_AB      0.43 0.47 0.40 0.41 0.45 0.46 0.47 0.42 0.40 0.41 0.18 0.00 | 0.12 0.14 0.12 0.12 0.14 0.12 0.14 0.10 0.77 0.12 0.10 0.00 | 0.41 0.47 0.40 0.41 0.45 0.41 0.46 0.43 0.40 0.41 0.40 0.00 | 0.45 0.43 0.39 0.42 0.51 0.47 0.47 0.40 0.39 0.38 0.18 0.00 | 0.13 0.13 0.12 0.13 0.16 0.13 0.14 0.09 0.76 0.12 0.11 0.00 | 0.43 0.43 0.39 0.42 0.51 0.41 0.46 0.41 0.39 0.38 0.42 0.00 | 0.41 0.42 0.38 0.39 0.44 0.46 0.47 0.38 0.38 0.36 0.18 0.00 | 0.12 0.13 0.11 0.12 0.13 0.12 0.14 0.09 0.75 0.11 0.10 0.00 | 0.38 0.42 0.38 0.39 0.44 0.39 0.46 0.39 0.38 0.36 0.41 0.00 |
INTP_F_AB      0.38 0.45 0.38 0.38 0.40 0.41 0.47 0.37 0.38 0.36 0.18 0.00 | 0.11 0.13 0.11 0.12 0.13 0.11 0.14 0.09 0.75 0.11 0.10 0.00 | 0.35 0.45 0.38 0.38 0.40 0.35 0.46 0.39 0.38 0.36 0.41 0.00 | 0.38 0.41 0.37 0.40 0.43 0.41 0.47 0.36 0.37 0.34 0.18 0.00 | 0.12 0.12 0.11 0.12 0.15 0.12 0.14 0.09 0.74 0.10 0.11 0.00 | 0.36 0.41 0.37 0.40 0.43 0.35 0.46 0.37 0.37 0.34 0.42 0.00 | 0.36 0.41 0.37 0.37 0.40 0.41 0.47 0.35 0.37 0.33 0.18 0.00 | 0.11 0.12 0.11 0.11 0.13 0.11 0.14 0.09 0.73 0.10 0.11 0.00 | 0.34 0.41 0.37 0.37 0.40 0.35 0.46 0.36 0.37 0.33 0.43 0.00 |
ENTP_M_O       0.50 0.52 0.49 0.45 0.44 0.54 0.47 0.52 0.47 0.54 0.19 0.00 | 0.15 0.16 0.15 0.14 0.14 0.15 0.14 0.13 0.82 0.16 0.12 0.00 | 0.48 0.52 0.49 0.45 0.44 0.48 0.46 0.53 0.47 0.54 0.45 0.00 | 0.49 0.47 0.47 0.45 0.46 0.52 0.47 0.49 0.45 0.50 0.19 0.00 | 0.15 0.14 0.14 0.13 0.16 0.15 0.14 0.12 0.82 0.15 0.12 0.00 | 0.46 0.47 0.47 0.45 0.46 0.46 0.46 0.50 0.45 0.50 0.46 0.00 | 0.45 0.46 0.46 0.42 0.42 0.51 0.47 0.46 0.43 0.46 0.19 0.00 | 0.14 0.14 0.14 0.12 0.14 0.14 0.14 0.11 0.80 0.14 0.12 0.00 | 0.42 0.46 0.46 0.42 0.42 0.45 0.46 0.47 0.43 0.46 0.48 0.00 |
ENTP_F_O       0.41 0.47 0.43 0.40 0.40 0.45 0.47 0.42 0.42 0.42 0.18 0.00 | 0.13 0.14 0.13 0.12 0.14 0.12 0.14 0.10 0.79 0.13 0.12 0.00 | 0.39 0.47 0.43 0.40 0.40 0.39 0.46 0.44 0.42 0.42 0.46 0.00 | 0.40 0.43 0.42 0.40 0.41 0.44 0.47 0.40 0.41 0.39 0.18 0.00 | 0.13 0.13 0.13 0.12 0.16 0.13 0.14 0.09 0.78 0.12 0.12 0.00 | 0.38 0.43 0.42 0.40 0.41 0.38 0.46 0.42 0.41 0.39 0.46 0.00 | 0.38 0.42 0.44 0.38 0.39 0.44 0.47 0.39 0.40 0.37 0.24 0.00 | 0.12 0.13 0.13 0.11 0.13 0.12 0.14 0.09 0.77 0.11 0.13 0.00 | 0.36 0.42 0.44 0.38 0.39 0.37 0.46 0.40 0.40 0.37 0.51 0.00 |
ENTP_M_A       0.45 0.49 0.43 0.42 0.43 0.49 0.47 0.45 0.43 0.45 0.18 0.00 | 0.13 0.15 0.13 0.13 0.14 0.13 0.14 0.11 0.79 0.14 0.11 0.00 | 0.43 0.49 0.43 0.42 0.43 0.43 0.46 0.46 0.43 0.45 0.43 0.00 | 0.45 0.44 0.42 0.43 0.47 0.48 0.47 0.43 0.41 0.42 0.18 0.00 | 0.14 0.13 0.12 0.13 0.16 0.13 0.14 0.10 0.78 0.13 0.11 0.00 | 0.43 0.44 0.42 0.43 0.47 0.42 0.46 0.44 0.41 0.42 0.44 0.00 | 0.41 0.43 0.41 0.40 0.43 0.47 0.47 0.41 0.40 0.39 0.18 0.00 | 0.12 0.13 0.12 0.12 0.14 0.12 0.14 0.09 0.77 0.12 0.11 0.00 | 0.39 0.43 0.41 0.40 0.43 0.40 0.46 0.42 0.40 0.39 0.44 0.00 |
ENTP_F_A       0.39 0.46 0.41 0.39 0.40 0.43 0.47 0.40 0.40 0.38 0.18 0.00 | 0.12 0.14 0.12 0.12 0.13 0.12 0.14 0.09 0.77 0.12 0.11 0.00 | 0.37 0.46 0.41 0.39 0.40 0.37 0.46 0.41 0.40 0.38 0.44 0.00 | 0.39 0.42 0.40 0.41 0.42 0.42 0.47 0.38 0.39 0.37 0.18 0.00 | 0.13 0.13 0.12 0.12 0.15 0.12 0.14 0.09 0.76 0.11 0.12 0.00 | 0.36 0.42 0.40 0.41 0.42 0.36 0.46 0.39 0.39 0.37 0.45 0.00 | 0.37 0.42 0.41 0.38 0.40 0.42 0.47 0.37 0.38 0.35 0.21 0.00 | 0.11 0.12 0.12 0.11 0.13 0.11 0.14 0.09 0.75 0.10 0.13 0.00 | 0.34 0.42 0.41 0.38 0.40 0.36 0.46 0.38 0.38 0.35 0.49 0.00 |
ENTP_M_B       0.44 0.49 0.44 0.41 0.42 0.48 0.47 0.45 0.43 0.45 0.18 0.00 | 0.13 0.15 0.13 0.12 0.14 0.13 0.14 0.11 0.79 0.14 0.11 0.00 | 0.42 0.49 0.44 0.41 0.42 0.42 0.46 0.46 0.43 0.45 0.42 0.00 | 0.43 0.44 0.42 0.41 0.44 0.47 0.47 0.43 0.42 0.42 0.18 0.00 | 0.14 0.13 0.13 0.12 0.16 0.13 0.14 0.10 0.78 0.13 0.11 0.00 | 0.41 0.44 0.42 0.41 0.44 0.41 0.46 0.44 0.42 0.42 0.43 0.00 | 0.40 0.43 0.42 0.39 0.41 0.46 0.47 0.41 0.40 0.39 0.18 0.00 | 0.12 0.13 0.13 0.12 0.14 0.12 0.14 0.09 0.77 0.12 0.11 0.00 | 0.38 0.43 0.42 0.39 0.41 0.40 0.46 0.42 0.40 0.39 0.45 0.00 |
ENTP_F_B       0.39 0.46 0.41 0.38 0.40 0.43 0.47 0.40 0.41 0.38 0.18 0.00 | 0.12 0.14 0.12 0.11 0.13 0.12 0.14 0.09 0.77 0.12 0.11 0.00 | 0.37 0.46 0.41 0.38 0.40 0.37 0.46 0.41 0.41 0.38 0.45 0.00 | 0.38 0.42 0.40 0.39 0.41 0.42 0.47 0.38 0.40 0.37 0.18 0.00 | 0.13 0.13 0.12 0.12 0.15 0.12 0.14 0.09 0.76 0.11 0.12 0.00 | 0.36 0.42 0.40 0.39 0.41 0.36 0.46 0.39 0.40 0.37 0.45 0.00 | 0.36 0.42 0.42 0.37 0.39 0.42 0.47 0.37 0.39 0.35 0.23 0.00 | 0.11 0.12 0.13 0.11 0.13 0.11 0.14 0.09 0.75 0.10 0.13 0.00 | 0.34 0.42 0.42 0.37 0.39 0.36 0.46 0.38 0.39 0.35 0.50 0.00 |
ENTP_M_AB      0.44 0.48 0.43 0.41 0.43 0.48 0.47 0.44 0.42 0.44 0.18 0.00 | 0.13 0.14 0.13 0.12 0.14 0.13 0.14 0.10 0.79 0.13 0.11 0.00 | 0.42 0.48 0.43 0.41 0.43 0.42 0.46 0.46 0.42 0.44 0.42 0.00 | 0.44 0.44 0.41 0.41 0.46 0.47 0.47 0.42 0.41 0.41 0.18 0.00 | 0.14 0.13 0.12 0.12 0.16 0.13 0.14 0.10 0.78 0.12 0.11 0.00 | 0.41 0.44 0.41 0.41 0.46 0.41 0.46 0.43 0.41 0.41 0.42 0.00 | 0.40 0.43 0.41 0.39 0.42 0.46 0.47 0.40 0.40 0.39 0.18 0.00 | 0.12 0.13 0.12 0.12 0.13 0.12 0.14 0.09 0.76 0.12 0.11 0.00 | 0.38 0.43 0.41 0.39 0.42 0.40 0.46 0.41 0.40 0.39 0.44 0.00 |
ENTP_F_AB      0.39 0.46 0.41 0.38 0.40 0.42 0.47 0.39 0.40 0.38 0.18 0.00 | 0.12 0.14 0.12 0.11 0.13 0.12 0.14 0.09 0.76 0.11 0.11 0.00 | 0.36 0.46 0.41 0.38 0.40 0.36 0.46 0.40 0.40 0.38 0.44 0.00 | 0.38 0.42 0.39 0.39 0.41 0.42 0.47 0.38 0.39 0.36 0.18 0.00 | 0.13 0.13 0.12 0.12 0.15 0.12 0.14 0.09 0.76 0.11 0.11 0.00 | 0.36 0.42 0.39 0.39 0.41 0.36 0.46 0.39 0.39 0.36 0.44 0.00 | 0.36 0.41 0.41 0.37 0.39 0.42 0.47 0.36 0.38 0.34 0.22 0.00 | 0.11 0.12 0.12 0.11 0.13 0.11 0.14 0.09 0.75 0.10 0.13 0.00 | 0.34 0.41 0.41 0.37 0.39 0.35 0.46 0.37 0.38 0.34 0.48 0.00 |
INFJ_M_O       0.43 0.48 0.42 0.40 0.40 0.47 0.32 0.45 0.44 0.45 0.18 0.00 | 0.13 0.15 0.13 0.12 0.14 0.13 0.09 0.11 0.80 0.13 0.10 0.00 | 0.40 0.48 0.42 0.40 0.40 0.41 0.31 0.46 0.44 0.45 0.39 0.00 | 0.43 0.45 0.42 0.40 0.41 0.47 0.32 0.45 0.44 0.45 0.18 0.00 | 0.14 0.14 0.13 0.12 0.16 0.14 0.09 0.11 0.80 0.13 0.10 0.00 | 0.41 0.45 0.42 0.40 0.41 0.41 0.31 0.46 0.44 0.45 0.39 0.00 | 0.43 0.45 0.43 0.40 0.40 0.49 0.32 0.45 0.44 0.45 0.18 0.00 | 0.13 0.14 0.13 0.12 0.14 0.14 0.09 0.11 0.80 0.13 0.10 0.00 | 0.40 0.45 0.43 0.40 0.40 0.43 0.31 0.46 0.44 0.45 0.40 0.00 |
INFJ_F_O       0.42 0.48 0.43 0.40 0.40 0.47 0.32 0.45 0.44 0.45 0.18 0.00 | 0.13 0.15 0.13 0.12 0.14 0.13 0.09 0.11 0.81 0.13 0.10 0.00 | 0.40 0.48 0.43 0.40 0.40 0.41 0.31 0.46 0.44 0.45 0.40 0.00 | 0.43 0.45 0.43 0.40 0.41 0.47 0.32 0.45 0.44 0.45 0.18 0.00 | 0.14 0.14 0.13 0.12 0.16 0.14 0.09 0.11 0.81 0.13 0.10 0.00 | 0.40 0.45 0.43 0.40 0.41 0.41 0.31 0.46 0.44 0.45 0.40 0.00 | 0.42 0.45 0.44 0.40 0.40 0.49 0.32 0.45 0.44 0.45 0.18 0.00 | 0.13 0.14 0.13 0.12 0.14 0.14 0.09 0.11 0.81 0.13 0.11 0.00 | 0.40 0.45 0.44 0.40 0.40 0.43 0.31 0.46 0.44 0.45 0.42 0.00 |
INFJ_M_A       0.43 0.48 0.42 0.40 0.40 0.47 0.32 0.45 0.43 0.45 0.18 0.00 | 0.13 0.15 0.13 0.12 0.14 0.13 0.09 0.11 0.80 0.13 0.10 0.00 | 0.40 0.48 0.42 0.40 0.40 0.41 0.31 0.46 0.43 0.45 0.40 0.00 | 0.43 0.45 0.42 0.40 0.41 0.47 0.32 0.45 0.43 0.45 0.18 0.00 | 0.14 0.14 0.13 0.12 0.16 0.14 0.09 0.11 0.80 0.13 0.10 0.00 | 0.41 0.45 0.42 0.40 0.41 0.41 0.31 0.46 0.43 0.45 0.40 0.00 | 0.43 0.45 0.43 0.40 0.40 0.49 0.32 0.45 0.43 0.45 0.18 0.00 | 0.13 0.14 0.13 0.12 0.14 0.14 0.09 0.11 0.80 0.13 0.11 0.00 | 0.40 0.45 0.43 0.40 0.40 0.43 0.31 0.46 0.43 0.45 0.42 0.00 |
INFJ_F_A       0.42 0.48 0.43 0.40 0.40 0.47 0.32 0.45 0.44 0.45 0.18 0.00 | 0.13 0.15 0.13 0.12 0.14 0.13 0.09 0.11 0.81 0.13 0.11 0.00 | 0.40 0.48 0.43 0.40 0.40 0.41 0.31 0.46 0.44 0.45 0.42 0.00 | 0.43 0.45 0.43 0.40 0.41 0.47 0.32 0.45 0.44 0.45 0.18 0.00 | 0.14 0.14 0.13 0.12 0.16 0.14 0.09 0.11 0.81 0.13 0.11 0.00 | 0.40 0.45 0.43 0.40 0.41 0.41 0.31 0.46 0.44 0.45 0.42 0.00 | 0.42 0.45 0.45 0.40 0.40 0.49 0.32 0.45 0.44 0.45 0.18 0.00 | 0.13 0.14 0.14 0.12 0.14 0.14 0.09 0.11 0.81 0.13 0.12 0.00 | 0.40 0.45 0.45 0.40 0.40 0.43 0.31 0.46 0.44 0.45 0.45 0.00 |
INFJ_M_B       0.43 0.48 0.42 0.41 0.41 0.47 0.32 0.45 0.43 0.45 0.18 0.00 | 0.13 0.15 0.13 0.12 0.14 0.13 0.09 0.11 0.79 0.13 0.10 0.00 | 0.41 0.48 0.42 0.41 0.41 0.41 0.31 0.46 0.43 0.45 0.39 0.00 | 0.44 0.45 0.42 0.41 0.43 0.48 0.32 0.45 0.43 0.45 0.18 0.00 | 0.14 0.14 0.13 0.12 0.16 0.14 0.09 0.11 0.79 0.13 0.10 0.00 | 0.42 0.45 0.42 0.41 0.43 0.42 0.31 0.46 0.43 0.45 0.40 0.00 | 0.43 0.45 0.43 0.41 0.41 0.50 0.32 0.45 0.43 0.45 0.18 0.00 | 0.13 0.14 0.13 0.12 0.14 0.14 0.09 0.11 0.79 0.13 0.10 0.00 | 0.41 0.45 0.43 0.41 0.41 0.43 0.31 0.46 0.43 0.45 0.40 0.00 |
INFJ_F_B       0.43 0.48 0.43 0.41 0.40 0.47 0.32 0.45 0.44 0.45 0.18 0.00 | 0.13 0.15 0.13 0.12 0.14 0.13 0.09 0.11 0.80 0.13 0.10 0.00 | 0.40 0.48 0.43 0.41 0.40 0.41 0.31 0.46 0.44 0.45 0.40 0.00 | 0.43 0.45 0.43 0.41 0.41 0.47 0.32 0.45 0.44 0.45 0.18 0.00 | 0.14 0.14 0.13 0.12 0.16 0.14 0.09 0.11 0.80 0.13 0.10 0.00 | 0.41 0.45 0.43 0.41 0.41 0.41 0.31 0.46 0.44 0.45 0.41 0.00 | 0.43 0.45 0.44 0.41 0.40 0.49 0.32 0.45 0.44 0.45 0.18 0.00 | 0.13 0.14 0.13 0.12 0.14 0.14 0.09 0.11 0.80 0.13 0.11 0.00 | 0.40 0.45 0.44 0.41 0.40 0.43 0.31 0.46 0.44 0.45 0.43 0.00 |
INFJ_M_AB      0.43 0.48 0.42 0.41 0.41 0.47 0.34 0.45 0.43 0.45 0.18 0.00 | 0.13 0.15 0.13 0.12 0.14 0.13 0.10 0.11 0.79 0.13 0.10 0.00 | 0.41 0.48 0.42 0.41 0.41 0.41 0.33 0.46 0.43 0.45 0.39 0.00 | 0.44 0.45 0.42 0.42 0.43 0.48 0.33 0.45 0.43 0.45 0.18 0.00 | 0.14 0.14 0.13 0.12 0.16 0.14 0.10 0.11 0.79 0.13 0.10 0.00 | 0.42 0.45 0.42 0.42 0.43 0.42 0.32 0.46 0.43 0.45 0.40 0.00 | 0.43 0.45 0.43 0.41 0.41 0.50 0.32 0.45 0.43 0.45 0.18 0.00 | 0.13 0.14 0.13 0.12 0.14 0.14 0.09 0.11 0.79 0.13 0.10 0.00 | 0.41 0.45 0.43 0.41 0.41 0.43 0.32 0.46 0.43 0.45 0.41 0.00 |
INFJ_F_AB      0.43 0.48 0.43 0.41 0.40 0.47 0.33 0.45 0.44 0.45 0.18 0.00 | 0.13 0.15 0.13 0.12 0.14 0.13 0.10 0.11 0.80 0.13 0.10 0.00 | 0.40 0.48 0.43 0.41 0.40 0.41 0.32 0.46 0.44 0.45 0.41 0.00 | 0.43 0.45 0.43 0.42 0.41 0.47 0.33 0.45 0.44 0.45 0.18 0.00 | 0.14 0.14 0.13 0.12 0.16 0.14 0.10 0.11 0.80 0.13 0.11 0.00 | 0.41 0.45 0.43 0.42 0.41 0.41 0.32 0.46 0.44 0.45 0.42 0.00 | 0.43 0.45 0.44 0.41 0.40 0.49 0.32 0.45 0.44 0.45 0.18 0.00 | 0.13 0.14 0.13 0.12 0.14 0.14 0.09 0.11 0.80 0.13 0.11 0.00 | 0.40 0.45 0.44 0.41 0.40 0.43 0.31 0.46 0.44 0.45 0.43 0.00 |
ESTP_M_O       0.44 0.48 0.41 0.46 0.42 0.48 0.60 0.45 0.41 0.45 0.18 0.00 | 0.13 0.15 0.12 0.14 0.14 0.13 0.18 0.11 0.78 0.13 0.11 0.00 | 0.42 0.48 0.41 0.46 0.42 0.42 0.59 0.46 0.41 0.45 0.42 0.00 | 0.45 0.45 0.41 0.51 0.45 0.49 0.46 0.45 0.41 0.45 0.22 0.00 | 0.14 0.14 0.12 0.15 0.16 0.14 0.13 0.11 0.78 0.13 0.12 0.00 | 0.43 0.45 0.41 0.51 0.45 0.43 0.45 0.46 0.41 0.45 0.46 0.00 | 0.44 0.45 0.42 0.46 0.42 0.50 0.40 0.45 0.41 0.45 0.18 0.00 | 0.13 0.14 0.12 0.14 0.14 0.14 0.12 0.11 0.78 0.13 0.11 0.00 | 0.42 0.45 0.42 0.46 0.42 0.44 0.39 0.46 0.41 0.45 0.43 0.00 |
ESTP_F_O       0.43 0.48 0.42 0.45 0.40 0.47 0.50 0.45 0.41 0.45 0.18 0.00 | 0.13 0.15 0.12 0.14 0.14 0.13 0.15 0.11 0.78 0.13 0.11 0.00 | 0.41 0.48 0.42 0.45 0.40 0.41 0.49 0.46 0.41 0.45 0.42 0.00 | 0.43 0.45 0.42 0.50 0.42 0.47 0.41 0.45 0.41 0.45 0.21 0.00 | 0.14 0.14 0.12 0.15 0.16 0.14 0.12 0.11 0.78 0.13 0.12 0.00 | 0.41 0.45 0.42 0.50 0.42 0.41 0.40 0.46 0.41 0.45 0.46 0.00 | 0.43 0.45 0.42 0.45 0.40 0.50 0.37 0.45 0.41 0.45 0.18 0.00 | 0.13 0.14 0.13 0.14 0.14 0.14 0.11 0.11 0.78 0.13 0.11 0.00 | 0.41 0.45 0.42 0.45 0.40 0.43 0.36 0.46 0.41 0.45 0.43 0.00 |
ESTP_M_A       0.45 0.48 0.41 0.45 0.43 0.48 0.51 0.45 0.41 0.45 0.18 0.00 | 0.13 0.15 0.12 0.14 0.14 0.13 0.15 0.11 0.78 0.13 0.11 0.00 | 0.42 0.48 0.41 0.45 0.43 0.42 0.50 0.46 0.41 0.45 0.42 0.00 | 0.47 0.45 0.41 0.50 0.48 0.50 0.42 0.45 0.41 0.45 0.21 0.00 | 0.14 0.14 0.12 0.15 0.16 0.14 0.12 0.11 0.78 0.13 0.12 0.00 | 0.44 0.45 0.41 0.50 0.48 0.44 0.41 0.46 0.41 0.45 0.46 0.00 | 0.45 0.45 0.42 0.45 0.43 0.51 0.38 0.45 0.41 0.45 0.18 0.00 | 0.13 0.14 0.12 0.14 0.14 0.14 0.11 0.11 0.78 0.13 0.11 0.00 | 0.42 0.45 0.42 0.45 0.43 0.44 0.37 0.46 0.41 0.45 0.42 0.00 |
ESTP_F_A       0.43 0.48 0.42 0.45 0.41 0.47 0.46 0.45 0.41 0.45 0.18 0.00 | 0.13 0.15 0.12 0.14 0.14 0.13 0.14 0.11 0.78 0.13 0.11 0.00 | 0.41 0.48 0.42 0.45 0.41 0.41 0.45 0.46 0.41 0.45 0.42 0.00 | 0.44 0.45 0.42 0.50 0.43 0.48 0.39 0.45 0.41 0.45 0.21 0.00 | 0.14 0.14 0.12 0.15 0.16 0.14 0.11 0.11 0.78 0.13 0.12 0.00 | 0.42 0.45 0.42 0.50 0.43 0.42 0.38 0.46 0.41 0.45 0.46 0.00 | 0.43 0.45 0.42 0.45 0.41 0.50 0.36 0.45 0.41 0.45 0.18 0.00 | 0.13 0.14 0.13 0.14 0.14 0.14 0.11 0.11 0.78 0.13 0.11 0.00 | 0.41 0.45 0.42 0.45 0.41 0.43 0.35 0.46 0.41 0.45 0.43 0.00 |
ESTP_M_B       0.44 0.48 0.42 0.44 0.42 0.48 0.51 0.45 0.42 0.45 0.18 0.00 | 0.13 0.15 0.13 0.13 0.14 0.13 0.15 0.11 0.78 0.13 0.11 0.00 | 0.41 0.48 0.42 0.44 0.42 0.42 0.50 0.46 0.42 0.45 0.42 0.00 | 0.45 0.45 0.42 0.48 0.45 0.49 0.42 0.45 0.42 0.45 0.20 0.00 | 0.14 0.14 0.13 0.14 0.16 0.14 0.12 0.11 0.78 0.13 0.11 0.00 | 0.43 0.45 0.42 0.48 0.45 0.43 0.41 0.46 0.42 0.45 0.45 0.00 | 0.44 0.45 0.42 0.44 0.42 0.50 0.38 0.45 0.42 0.45 0.18 0.00 | 0.13 0.14 0.13 0.13 0.14 0.14 0.11 0.11 0.78 0.13 0.11 0.00 | 0.41 0.45 0.42 0.44 0.42 0.44 0.37 0.46 0.42 0.45 0.42 0.00 |
ESTP_F_B       0.43 0.48 0.42 0.44 0.40 0.47 0.46 0.45 0.42 0.45 0.18 0.00 | 0.13 0.15 0.13 0.13 0.14 0.13 0.14 0.11 0.78 0.13 0.11 0.00 | 0.41 0.48 0.42 0.44 0.40 0.41 0.45 0.46 0.42 0.45 0.42 0.00 | 0.43 0.45 0.42 0.48 0.42 0.47 0.39 0.45 0.42 0.45 0.20 0.00 | 0.14 0.14 0.13 0.14 0.16 0.14 0.11 0.11 0.78 0.13 0.12 0.00 | 0.41 0.45 0.42 0.48 0.42 0.41 0.38 0.46 0.42 0.45 0.46 0.00 | 0.43 0.45 0.43 0.44 0.40 0.50 0.36 0.45 0.42 0.45 0.18 0.00 | 0.13 0.14 0.13 0.13 0.14 0.14 0.11 0.11 0.78 0.13 0.11 0.00 | 0.41 0.45 0.43 0.44 0.40 0.43 0.35 0.46 0.42 0.45 0.44 0.00 |
ESTP_M_AB      0.44 0.48 0.42 0.44 0.42 0.48 0.49 0.45 0.42 0.45 0.18 0.00 | 0.13 0.15 0.12 0.13 0.14 0.13 0.14 0.11 0.78 0.13 0.10 0.00 | 0.42 0.48 0.42 0.44 0.42 0.42 0.48 0.46 0.42 0.45 0.41 0.00 | 0.45 0.45 0.42 0.48 0.45 0.49 0.40 0.45 0.42 0.45 0.19 0.00 | 0.14 0.14 0.12 0.14 0.16 0.14 0.12 0.11 0.78 0.13 0.11 0.00 | 0.43 0.45 0.42 0.48 0.45 0.43 0.39 0.46 0.42 0.45 0.44 0.00 | 0.44 0.45 0.42 0.44 0.42 0.50 0.37 0.45 0.42 0.45 0.18 0.00 | 0.13 0.14 0.13 0.13 0.14 0.14 0.11 0.11 0.78 0.13 0.11 0.00 | 0.42 0.45 0.42 0.44 0.42 0.44 0.36 0.46 0.42 0.45 0.42 0.00 |
ESTP_F_AB      0.43 0.48 0.42 0.44 0.41 0.47 0.45 0.45 0.42 0.45 0.18 0.00 | 0.13 0.15 0.13 0.13 0.14 0.13 0.13 0.11 0.78 0.13 0.11 0.00 | 0.41 0.48 0.42 0.44 0.41 0.41 0.44 0.46 0.42 0.45 0.42 0.00 | 0.44 0.45 0.42 0.48 0.42 0.47 0.38 0.45 0.42 0.45 0.19 0.00 | 0.14 0.14 0.13 0.14 0.16 0.14 0.11 0.11 0.78 0.13 0.12 0.00 | 0.41 0.45 0.42 0.48 0.42 0.42 0.37 0.46 0.42 0.45 0.45 0.00 | 0.43 0.45 0.43 0.44 0.41 0.50 0.36 0.45 0.42 0.45 0.18 0.00 | 0.13 0.14 0.13 0.13 0.14 0.14 0.10 0.11 0.78 0.13 0.11 0.00 | 0.41 0.45 0.43 0.44 0.41 0.43 0.35 0.46 0.42 0.45 0.43 0.00 |
ISTP_M_O       0.47 0.48 0.41 0.46 0.47 0.50 0.42 0.45 0.41 0.45 0.18 0.00 | 0.13 0.15 0.12 0.14 0.14 0.13 0.12 0.11 0.78 0.13 0.11 0.00 | 0.45 0.48 0.41 0.46 0.47 0.44 0.41 0.46 0.41 0.45 0.42 0.00 | 0.51 0.45 0.41 0.51 0.53 0.53 0.37 0.45 0.41 0.45 0.22 0.00 | 0.14 0.14 0.12 0.15 0.16 0.14 0.11 0.11 0.78 0.13 0.12 0.00 | 0.48 0.45 0.41 0.51 0.53 0.47 0.36 0.46 0.41 0.45 0.46 0.00 | 0.47 0.45 0.41 0.46 0.47 0.53 0.35 0.45 0.41 0.45 0.18 0.00 | 0.13 0.14 0.12 0.14 0.14 0.14 0.10 0.11 0.78 0.13 0.11 0.00 | 0.45 0.45 0.41 0.46 0.47 0.46 0.34 0.46 0.41 0.45 0.42 0.00 |
ISTP_F_O       0.44 0.48 0.41 0.45 0.42 0.48 0.38 0.45 0.41 0.45 0.18 0.00 | 0.13 0.15 0.12 0.14 0.14 0.13 0.11 0.11 0.78 0.13 0.10 0.00 | 0.42 0.48 0.41 0.45 0.42 0.42 0.38 0.46 0.41 0.45 0.41 0.00 | 0.45 0.45 0.41 0.50 0.45 0.49 0.35 0.45 0.41 0.45 0.21 0.00 | 0.14 0.14 0.12 0.15 0.16 0.14 0.10 0.11 0.78 0.13 0.12 0.00 | 0.43 0.45 0.41 0.50 0.45 0.43 0.34 0.46 0.41 0.45 0.45 0.00 | 0.44 0.45 0.41 0.45 0.42 0.50 0.34 0.45 0.41 0.45 0.18 0.00 | 0.13 0.14 0.12 0.14 0.14 0.14 0.10 0.11 0.78 0.13 0.10 0.00 | 0.42 0.45 0.41 0.45 0.42 0.44 0.33 0.46 0.41 0.45 0.41 0.00 |
ISTP_M_A       0.46 0.48 0.41 0.45 0.45 0.49 0.46 0.45 0.41 0.45 0.18 0.00 | 0.13 0.15 0.12 0.14 0.14 0.13 0.14 0.11 0.78 0.13 0.10 0.00 | 0.43 0.48 0.41 0.45 0.45 0.43 0.45 0.46 0.41 0.45 0.41 0.00 | 0.48 0.45 0.41 0.50 0.50 0.51 0.39 0.45 0.41 0.45 0.21 0.00 | 0.14 0.14 0.12 0.15 0.16 0.14 0.11 0.11 0.78 0.13 0.12 0.00 | 0.46 0.45 0.41 0.50 0.50 0.45 0.38 0.46 0.41 0.45 0.45 0.00 | 0.46 0.45 0.41 0.45 0.45 0.52 0.36 0.45 0.41 0.45 0.18 0.00 | 0.13 0.14 0.12 0.14 0.14 0.14 0.11 0.11 0.78 0.13 0.10 0.00 | 0.43 0.45 0.41 0.45 0.45 0.45 0.35 0.46 0.41 0.45 0.41 0.00 |
ISTP_F_A       0.44 0.48 0.41 0.45 0.42 0.48 0.43 0.45 0.41 0.45 0.18 0.00 | 0.13 0.15 0.12 0.14 0.14 0.13 0.13 0.11 0.78 0.13 0.10 0.00 | 0.41 0.48 0.41 0.45 0.42 0.42 0.42 0.46 0.41 0.45 0.41 0.00 | 0.45 0.45 0.41 0.50 0.44 0.48 0.37 0.45 0.41 0.45 0.21 0.00 | 0.14 0.14 0.12 0.15 0.16 0.14 0.11 0.11 0.78 0.13 0.12 0.00 | 0.42 0.45 0.41 0.50 0.44 0.42 0.36 0.46 0.41 0.45 0.45 0.00 | 0.44 0.45 0.41 0.45 0.42 0.50 0.35 0.45 0.41 0.45 0.18 0.00 | 0.13 0.14 0.12 0.14 0.14 0.14 0.10 0.11 0.78 0.13 0.11 0.00 | 0.41 0.45 0.41 0.45 0.42 0.44 0.34 0.46 0.41 0.45 0.42 0.00 |
ISTP_M_B       0.46 0.48 0.41 0.44 0.45 0.49 0.41 0.45 0.42 0.45 0.18 0.00 | 0.13 0.15 0.12 0.13 0.14 0.13 0.12 0.11 0.78 0.13 0.10 0.00 | 0.43 0.48 0.41 0.44 0.45 0.43 0.40 0.46 0.42 0.45 0.41 0.00 | 0.48 0.45 0.41 0.48 0.50 0.51 0.36 0.45 0.42 0.45 0.20 0.00 | 0.14 0.14 0.12 0.14 0.16 0.14 0.11 0.11 0.78 0.13 0.11 0.00 | 0.46 0.45 0.41 0.48 0.50 0.45 0.35 0.46 0.42 0.45 0.44 0.00 | 0.46 0.45 0.41 0.44 0.45 0.52 0.35 0.45 0.42 0.45 0.18 0.00 | 0.13 0.14 0.12 0.13 0.14 0.14 0.10 0.11 0.78 0.13 0.10 0.00 | 0.43 0.45 0.41 0.44 0.45 0.45 0.34 0.46 0.42 0.45 0.41 0.00 |
ISTP_F_B       0.44 0.48 0.41 0.44 0.42 0.48 0.38 0.45 0.42 0.45 0.18 0.00 | 0.13 0.15 0.12 0.13 0.14 0.13 0.11 0.11 0.78 0.13 0.10 0.00 | 0.41 0.48 0.41 0.44 0.42 0.42 0.38 0.46 0.42 0.45 0.41 0.00 | 0.45 0.45 0.41 0.48 0.44 0.48 0.35 0.45 0.42 0.45 0.20 0.00 | 0.14 0.14 0.12 0.14 0.16 0.14 0.10 0.11 0.78 0.13 0.11 0.00 | 0.42 0.45 0.41 0.48 0.44 0.42 0.34 0.46 0.42 0.45 0.44 0.00 | 0.44 0.45 0.41 0.44 0.42 0.50 0.34 0.45 0.42 0.45 0.18 0.00 | 0.13 0.14 0.12 0.13 0.14 0.14 0.10 0.11 0.78 0.13 0.10 0.00 | 0.41 0.45 0.41 0.44 0.42 0.44 0.33 0.46 0.42 0.45 0.41 0.00 |
ISTP_M_AB      0.45 0.48 0.41 0.44 0.44 0.49 0.42 0.45 0.42 0.45 0.18 0.00 | 0.13 0.15 0.12 0.13 0.14 0.13 0.12 0.11 0.78 0.13 0.10 0.00 | 0.43 0.48 0.41 0.44 0.44 0.43 0.41 0.46 0.42 0.45 0.41 0.00 | 0.47 0.45 0.41 0.48 0.49 0.50 0.37 0.45 0.42 0.45 0.19 0.00 | 0.14 0.14 0.12 0.14 0.16 0.14 0.11 0.11 0.78 0.13 0.11 0.00 | 0.45 0.45 0.41 0.48 0.49 0.44 0.36 0.46 0.42 0.45 0.44 0.00 | 0.45 0.45 0.41 0.44 0.44 0.51 0.35 0.45 0.42 0.45 0.18 0.00 | 0.13 0.14 0.12 0.13 0.14 0.14 0.10 0.11 0.78 0.13 0.10 0.00 | 0.43 0.45 0.41 0.44 0.44 0.45 0.34 0.46 0.42 0.45 0.41 0.00 |
ISTP_F_AB      0.43 0.48 0.41 0.44 0.41 0.47 0.40 0.45 0.42 0.45 0.18 0.00 | 0.13 0.15 0.12 0.13 0.14 0.13 0.12 0.11 0.78 0.13 0.10 0.00 | 0.41 0.48 0.41 0.44 0.41 0.42 0.39 0.46 0.42 0.45 0.41 0.00 | 0.44 0.45 0.41 0.48 0.44 0.48 0.36 0.45 0.42 0.45 0.19 0.00 | 0.14 0.14 0.12 0.14 0.16 0.14 0.10 0.11 0.78 0.13 0.11 0.00 | 0.42 0.45 0.41 0.48 0.44 0.42 0.35 0.46 0.42 0.45 0.44 0.00 | 0.43 0.45 0.42 0.44 0.41 0.50 0.34 0.45 0.42 0.45 0.18 0.00 | 0.13 0.14 0.13 0.13 0.14 0.14 0.10 0.11 0.78 0.13 0.10 0.00 | 0.41 0.45 0.42 0.44 0.41 0.43 0.33 0.46 0.42 0.45 0.41 0.00 |
ENFJ_M_O       0.42 0.48 0.44 0.40 0.40 0.47 0.34 0.45 0.44 0.45 0.18 0.00 | 0.13 0.15 0.13 0.12 0.14 0.13 0.10 0.11 0.80 0.13 0.11 0.00 | 0.40 0.48 0.44 0.40 0.40 0.41 0.34 0.46 0.44 0.45 0.42 0.00 | 0.42 0.45 0.44 0.40 0.40 0.47 0.33 0.45 0.44 0.45 0.18 0.00 | 0.14 0.14 0.13 0.12 0.16 0.14 0.10 0.11 0.80 0.13 0.11 0.00 | 0.40 0.45 0.44 0.40 0.40 0.41 0.32 0.46 0.44 0.45 0.42 0.00 | 0.42 0.45 0.45 0.40 0.40 0.49 0.33 0.45 0.44 0.45 0.18 0.00 | 0.13 0.14 0.14 0.12 0.14 0.14 0.10 0.11 0.80 0.13 0.12 0.00 | 0.40 0.45 0.45 0.40 0.40 0.43 0.32 0.46 0.44 0.45 0.46 0.00 |
ENFJ_F_O       0.42 0.48 0.45 0.40 0.40 0.47 0.34 0.45 0.44 0.45 0.18 0.00 | 0.13 0.15 0.13 0.12 0.14 0.13 0.10 0.11 0.81 0.13 0.11 0.00 | 0.40 0.48 0.45 0.40 0.40 0.41 0.33 0.46 0.44 0.45 0.45 0.00 | 0.42 0.45 0.45 0.40 0.40 0.47 0.33 0.45 0.44 0.45 0.18 0.00 | 0.14 0.14 0.13 0.12 0.16 0.14 0.10 0.11 0.81 0.13 0.12 0.00 | 0.40 0.45 0.45 0.40 0.40 0.41 0.32 0.46 0.44 0.45 0.45 0.00 | 0.42 0.45 0.48 0.40 0.40 0.49 0.32 0.45 0.44 0.45 0.23 0.00 | 0.13 0.14 0.14 0.12 0.14 0.14 0.09 0.11 0.81 0.13 0.13 0.00 | 0.40 0.45 0.48 0.40 0.40 0.43 0.32 0.46 0.44 0.45 0.51 0.00 |
ENFJ_M_A       0.42 0.48 0.43 0.40 0.40 0.47 0.34 0.45 0.43 0.45 0.18 0.00 | 0.13 0.15 0.13 0.12 0.14 0.13 0.10 0.11 0.80 0.13 0.10 0.00 | 0.40 0.48 0.43 0.40 0.40 0.41 0.33 0.46 0.43 0.45 0.40 0.00 | 0.42 0.45 0.43 0.40 0.40 0.47 0.33 0.45 0.43 0.45 0.18 0.00 | 0.14 0.14 0.13 0.12 0.16 0.14 0.10 0.11 0.80 0.13 0.10 0.00 | 0.40 0.45 0.43 0.40 0.40 0.41 0.32 0.46 0.43 0.45 0.41 0.00 | 0.42 0.45 0.44 0.40 0.40 0.49 0.33 0.45 0.43 0.45 0.18 0.00 | 0.13 0.14 0.13 0.12 0.14 0.14 0.10 0.11 0.80 0.13 0.11 0.00 | 0.40 0.45 0.44 0.40 0.40 0.43 0.32 0.46 0.43 0.45 0.43 0.00 |
ENFJ_F_A       0.42 0.48 0.44 0.40 0.40 0.47 0.34 0.45 0.44 0.45 0.18 0.00 | 0.13 0.15 0.13 0.12 0.14 0.13 0.10 0.11 0.81 0.13 0.11 0.00 | 0.40 0.48 0.44 0.40 0.40 0.41 0.33 0.46 0.44 0.45 0.43 0.00 | 0.42 0.45 0.44 0.40 0.40 0.47 0.33 0.45 0.44 0.45 0.18 0.00 | 0.14 0.14 0.13 0.12 0.16 0.14 0.10 0.11 0.81 0.13 0.11 0.00 | 0.40 0.45 0.44 0.40 0.40 0.41 0.32 0.46 0.44 0.45 0.43 0.00 | 0.42 0.45 0.46 0.40 0.40 0.49 0.32 0.45 0.44 0.45 0.20 0.00 | 0.13 0.14 0.14 0.12 0.14 0.14 0.09 0.11 0.81 0.13 0.12 0.00 | 0.40 0.45 0.46 0.40 0.40 0.43 0.32 0.46 0.44 0.45 0.48 0.00 |
ENFJ_M_B       0.42 0.48 0.43 0.41 0.40 0.47 0.38 0.45 0.43 0.45 0.18 0.00 | 0.13 0.15 0.13 0.12 0.14 0.13 0.11 0.11 0.79 0.13 0.10 0.00 | 0.40 0.48 0.43 0.41 0.40 0.41 0.37 0.46 0.43 0.45 0.41 0.00 | 0.42 0.45 0.43 0.41 0.40 0.47 0.35 0.45 0.43 0.45 0.18 0.00 | 0.14 0.14 0.13 0.12 0.16 0.14 0.10 0.11 0.79 0.13 0.11 0.00 | 0.40 0.45 0.43 0.41 0.40 0.41 0.34 0.46 0.43 0.45 0.42 0.00 | 0.42 0.45 0.44 0.41 0.40 0.49 0.34 0.45 0.43 0.45 0.18 0.00 | 0.13 0.14 0.13 0.12 0.14 0.14 0.10 0.11 0.79 0.13 0.11 0.00 | 0.40 0.45 0.44 0.41 0.40 0.43 0.33 0.46 0.43 0.45 0.44 0.00 |
ENFJ_F_B       0.42 0.48 0.44 0.41 0.40 0.47 0.36 0.45 0.44 0.45 0.18 0.00 | 0.13 0.15 0.13 0.12 0.14 0.13 0.11 0.11 0.80 0.13 0.11 0.00 | 0.40 0.48 0.44 0.41 0.40 0.41 0.35 0.46 0.44 0.45 0.44 0.00 | 0.42 0.45 0.44 0.41 0.40 0.47 0.34 0.45 0.44 0.45 0.18 0.00 | 0.14 0.14 0.13 0.12 0.16 0.14 0.10 0.11 0.80 0.13 0.11 0.00 | 0.40 0.45 0.44 0.41 0.40 0.41 0.33 0.46 0.44 0.45 0.44 0.00 | 0.42 0.45 0.46 0.41 0.40 0.49 0.33 0.45 0.44 0.45 0.20 0.00 | 0.13 0.14 0.14 0.12 0.14 0.14 0.10 0.11 0.80 0.13 0.13 0.00 | 0.40 0.45 0.46 0.41 0.40 0.43 0.32 0.46 0.44 0.45 0.49 0.00 |
ENFJ_M_AB      0.43 0.48 0.43 0.41 0.40 0.47 0.37 0.45 0.43 0.45 0.18 0.00 | 0.13 0.15 0.13 0.12 0.14 0.13 0.11 0.11 0.79 0.13 0.10 0.00 | 0.40 0.48 0.43 0.41 0.40 0.41 0.36 0.46 0.43 0.45 0.41 0.00 | 0.43 0.45 0.43 0.42 0.41 0.47 0.34 0.45 0.43 0.45 0.18 0.00 | 0.14 0.14 0.13 0.12 0.16 0.14 0.10 0.11 0.79 0.13 0.10 0.00 | 0.41 0.45 0.43 0.42 0.41 0.41 0.34 0.46 0.43 0.45 0.41 0.00 | 0.43 0.45 0.44 0.41 0.40 0.49 0.33 0.45 0.43 0.45 0.18 0.00 | 0.13 0.14 0.13 0.12 0.14 0.14 0.10 0.11 0.79 0.13 0.11 0.00 | 0.40 0.45 0.44 0.41 0.40 0.43 0.33 0.46 0.43 0.45 0.43 0.00 |
ENFJ_F_AB      0.42 0.48 0.44 0.41 0.40 0.47 0.36 0.45 0.44 0.45 0.18 0.00 | 0.13 0.15 0.13 0.12 0.14 0.13 0.10 0.11 0.80 0.13 0.11 0.00 | 0.40 0.48 0.44 0.41 0.40 0.41 0.35 0.46 0.44 0.45 0.43 0.00 | 0.43 0.45 0.44 0.42 0.40 0.47 0.34 0.45 0.44 0.45 0.18 0.00 | 0.14 0.14 0.13 0.12 0.16 0.14 0.10 0.11 0.80 0.13 0.11 0.00 | 0.40 0.45 0.44 0.42 0.40 0.41 0.33 0.46 0.44 0.45 0.44 0.00 | 0.42 0.45 0.46 0.41 0.40 0.49 0.33 0.45 0.44 0.45 0.19 0.00 | 0.13 0.14 0.14 0.12 0.14 0.14 0.10 0.11 0.80 0.13 0.12 0.00 | 0.40 0.45 0.46 0.41 0.40 0.43 0.32 0.46 0.44 0.45 0.47 0.00 |
INTJ_M_O       0.37 0.45 0.40 0.36 0.39 0.40 0.32 0.37 0.39 0.35 0.18 0.00 | 0.12 0.13 0.12 0.11 0.14 0.11 0.09 0.09 0.75 0.11 0.11 0.00 | 0.34 0.45 0.40 0.36 0.39 0.34 0.31 0.38 0.39 0.35 0.43 0.00 | 0.36 0.41 0.39 0.35 0.40 0.40 0.32 0.36 0.38 0.34 0.18 0.00 | 0.12 0.12 0.12 0.10 0.16 0.12 0.09 0.09 0.75 0.10 0.11 0.00 | 0.34 0.41 0.39 0.35 0.40 0.34 0.31 0.37 0.38 0.34 0.43 0.00 | 0.35 0.41 0.38 0.34 0.38 0.40 0.32 0.35 0.37 0.33 0.18 0.00 | 0.11 0.12 0.11 0.10 0.14 0.11 0.09 0.09 0.74 0.10 0.11 0.00 | 0.32 0.41 0.38 0.34 0.38 0.34 0.31 0.36 0.37 0.33 0.43 0.00 |
INTJ_F_O       0.34 0.43 0.37 0.34 0.38 0.37 0.32 0.34 0.37 0.31 0.18 0.00 | 0.11 0.13 0.11 0.10 0.13 0.10 0.09 0.09 0.74 0.09 0.11 0.00 | 0.31 0.43 0.37 0.34 0.38 0.31 0.31 0.35 0.37 0.31 0.42 0.00 | 0.33 0.40 0.37 0.33 0.38 0.37 0.32 0.33 0.37 0.30 0.18 0.00 | 0.11 0.12 0.11 0.10 0.15 0.11 0.09 0.09 0.73 0.09 0.11 0.00 | 0.31 0.40 0.37 0.33 0.38 0.31 0.31 0.34 0.37 0.30 0.42 0.00 | 0.32 0.40 0.36 0.33 0.38 0.38 0.32 0.32 0.36 0.30 0.18 0.00 | 0.10 0.12 0.11 0.10 0.13 0.10 0.09 0.09 0.73 0.09 0.11 0.00 | 0.30 0.40 0.36 0.33 0.38 0.31 0.31 0.34 0.36 0.30 0.42 0.00 |
INTJ_M_A       0.40 0.46 0.42 0.38 0.39 0.44 0.32 0.41 0.40 0.40 0.18 0.00 | 0.12 0.14 0.13 0.11 0.14 0.12 0.09 0.09 0.77 0.12 0.11 0.00 | 0.37 0.46 0.42 0.38 0.39 0.38 0.31 0.42 0.40 0.40 0.44 0.00 | 0.39 0.43 0.41 0.37 0.40 0.42 0.32 0.39 0.39 0.38 0.18 0.00 | 0.13 0.13 0.12 0.11 0.15 0.12 0.09 0.09 0.76 0.11 0.11 0.00 | 0.36 0.43 0.41 0.37 0.40 0.36 0.31 0.40 0.39 0.38 0.44 0.00 | 0.37 0.42 0.40 0.36 0.39 0.43 0.32 0.38 0.38 0.36 0.18 0.00 | 0.11 0.13 0.12 0.11 0.13 0.12 0.09 0.09 0.75 0.11 0.11 0.00 | 0.35 0.42 0.40 0.36 0.39 0.36 0.31 0.39 0.38 0.36 0.43 0.00 |
INTJ_F_A       0.36 0.44 0.40 0.35 0.38 0.40 0.32 0.37 0.38 0.35 0.18 0.00 | 0.11 0.13 0.12 0.11 0.13 0.11 0.09 0.09 0.75 0.11 0.11 0.00 | 0.34 0.44 0.40 0.35 0.38 0.34 0.31 0.38 0.38 0.35 0.43 0.00 | 0.35 0.41 0.39 0.35 0.39 0.39 0.32 0.36 0.38 0.34 0.18 0.00 | 0.12 0.12 0.12 0.10 0.15 0.11 0.09 0.09 0.74 0.10 0.11 0.00 | 0.33 0.41 0.39 0.35 0.39 0.33 0.31 0.37 0.38 0.34 0.43 0.00 | 0.34 0.41 0.38 0.34 0.38 0.40 0.32 0.35 0.37 0.32 0.18 0.00 | 0.11 0.12 0.11 0.10 0.13 0.11 0.09 0.09 0.74 0.10 0.11 0.00 | 0.32 0.41 0.38 0.34 0.38 0.33 0.31 0.36 0.37 0.32 0.43 0.00 |
INTJ_M_B       0.36 0.44 0.39 0.35 0.39 0.40 0.32 0.36 0.38 0.34 0.18 0.00 | 0.11 0.13 0.12 0.10 0.13 0.11 0.09 0.09 0.74 0.10 0.11 0.00 | 0.34 0.44 0.39 0.35 0.39 0.34 0.31 0.37 0.38 0.34 0.43 0.00 | 0.36 0.41 0.38 0.34 0.41 0.40 0.32 0.35 0.37 0.33 0.18 0.00 | 0.12 0.12 0.11 0.10 0.15 0.11 0.09 0.09 0.74 0.10 0.11 0.00 | 0.34 0.41 0.38 0.34 0.41 0.34 0.31 0.36 0.37 0.33 0.43 0.00 | 0.35 0.40 0.38 0.34 0.39 0.40 0.32 0.34 0.36 0.32 0.18 0.00 | 0.11 0.12 0.11 0.10 0.13 0.11 0.09 0.09 0.73 0.09 0.11 0.00 | 0.32 0.40 0.38 0.34 0.39 0.33 0.31 0.35 0.36 0.32 0.42 0.00 |
INTJ_F_B       0.34 0.43 0.37 0.34 0.38 0.37 0.32 0.34 0.37 0.31 0.18 0.00 | 0.11 0.13 0.11 0.10 0.13 0.10 0.09 0.09 0.73 0.09 0.11 0.00 | 0.32 0.43 0.37 0.34 0.38 0.31 0.31 0.35 0.37 0.31 0.42 0.00 | 0.34 0.40 0.37 0.33 0.39 0.37 0.32 0.33 0.36 0.30 0.18 0.00 | 0.11 0.12 0.11 0.10 0.15 0.11 0.09 0.09 0.73 0.09 0.11 0.00 | 0.31 0.40 0.37 0.33 0.39 0.31 0.31 0.34 0.36 0.30 0.42 0.00 | 0.33 0.40 0.36 0.33 0.38 0.38 0.32 0.32 0.36 0.30 0.18 0.00 | 0.10 0.12 0.11 0.10 0.13 0.10 0.09 0.09 0.72 0.09 0.11 0.00 | 0.30 0.40 0.36 0.33 0.38 0.31 0.31 0.34 0.36 0.30 0.42 0.00 |
INTJ_M_AB      0.37 0.45 0.40 0.36 0.39 0.41 0.34 0.37 0.38 0.36 0.18 0.00 | 0.11 0.13 0.12 0.11 0.13 0.11 0.10 0.09 0.75 0.11 0.11 0.00 | 0.35 0.45 0.40 0.36 0.39 0.35 0.33 0.39 0.38 0.36 0.43 0.00 | 0.37 0.41 0.39 0.35 0.41 0.40 0.33 0.36 0.37 0.34 0.18 0.00 | 0.12 0.12 0.12 0.11 0.15 0.12 0.10 0.09 0.74 0.10 0.11 0.00 | 0.35 0.41 0.39 0.35 0.41 0.34 0.32 0.37 0.37 0.34 0.43 0.00 | 0.35 0.41 0.38 0.35 0.39 0.41 0.32 0.35 0.37 0.33 0.18 0.00 | 0.11 0.12 0.11 0.10 0.13 0.11 0.09 0.09 0.73 0.10 0.11 0.00 | 0.33 0.41 0.38 0.35 0.39 0.34 0.32 0.36 0.37 0.33 0.43 0.00 |
INTJ_F_AB      0.34 0.43 0.38 0.34 0.38 0.38 0.33 0.35 0.37 0.32 0.18 0.00 | 0.11 0.13 0.11 0.10 0.13 0.10 0.10 0.09 0.73 0.10 0.11 0.00 | 0.32 0.43 0.38 0.34 0.38 0.32 0.32 0.36 0.37 0.32 0.43 0.00 | 0.34 0.40 0.37 0.34 0.39 0.38 0.33 0.34 0.36 0.31 0.18 0.00 | 0.12 0.12 0.11 0.10 0.15 0.11 0.10 0.09 0.73 0.09 0.11 0.00 | 0.32 0.40 0.37 0.34 0.39 0.32 0.32 0.35 0.36 0.31 0.43 0.00 | 0.33 0.40 0.37 0.34 0.38 0.38 0.32 0.33 0.36 0.30 0.18 0.00 | 0.10 0.12 0.11 0.10 0.13 0.10 0.09 0.09 0.73 0.09 0.11 0.00 | 0.31 0.40 0.37 0.34 0.38 0.32 0.31 0.34 0.36 0.30 0.42 0.00 |
ESFP_M_O       0.33 0.41 0.35 0.37 0.40 0.36 0.60 0.31 0.34 0.28 0.18 0.00 | 0.10 0.12 0.11 0.11 0.13 0.10 0.18 0.09 0.70 0.08 0.12 0.00 | 0.31 0.41 0.35 0.37 0.40 0.30 0.59 0.32 0.34 0.28 0.45 0.00 | 0.34 0.39 0.35 0.41 0.43 0.37 0.46 0.31 0.33 0.28 0.20 0.00 | 0.11 0.12 0.11 0.12 0.15 0.10 0.13 0.09 0.70 0.08 0.13 0.00 | 0.32 0.39 0.35 0.41 0.43 0.31 0.45 0.32 0.33 0.28 0.48 0.00 | 0.32 0.39 0.35 0.37 0.40 0.37 0.40 0.30 0.33 0.27 0.18 0.00 | 0.10 0.12 0.11 0.11 0.13 0.10 0.12 0.09 0.70 0.08 0.12 0.00 | 0.30 0.39 0.35 0.37 0.40 0.31 0.39 0.32 0.33 0.27 0.45 0.00 |
ESFP_F_O       0.31 0.41 0.35 0.36 0.38 0.34 0.50 0.30 0.33 0.27 0.18 0.00 | 0.10 0.12 0.10 0.11 0.13 0.09 0.15 0.09 0.70 0.08 0.11 0.00 | 0.29 0.41 0.35 0.36 0.38 0.29 0.49 0.31 0.33 0.27 0.45 0.00 | 0.31 0.38 0.35 0.39 0.39 0.35 0.41 0.30 0.33 0.27 0.19 0.00 | 0.11 0.12 0.10 0.12 0.15 0.10 0.12 0.09 0.69 0.08 0.12 0.00 | 0.29 0.38 0.35 0.39 0.39 0.29 0.40 0.31 0.33 0.27 0.47 0.00 | 0.31 0.38 0.35 0.36 0.38 0.36 0.37 0.30 0.33 0.26 0.18 0.00 | 0.10 0.11 0.10 0.11 0.13 0.10 0.11 0.09 0.69 0.08 0.11 0.00 | 0.29 0.38 0.35 0.36 0.38 0.29 0.36 0.31 0.33 0.26 0.45 0.00 |
ESFP_M_A       0.33 0.41 0.35 0.35 0.41 0.36 0.51 0.31 0.33 0.28 0.18 0.00 | 0.10 0.12 0.11 0.11 0.13 0.09 0.15 0.09 0.70 0.08 0.11 0.00 | 0.31 0.41 0.35 0.35 0.41 0.30 0.50 0.32 0.33 0.28 0.44 0.00 | 0.35 0.39 0.35 0.38 0.45 0.38 0.42 0.30 0.33 0.27 0.18 0.00 | 0.11 0.12 0.11 0.11 0.15 0.10 0.12 0.09 0.70 0.08 0.12 0.00 | 0.33 0.39 0.35 0.38 0.45 0.32 0.41 0.32 0.33 0.27 0.46 0.00 | 0.33 0.39 0.35 0.35 0.41 0.37 0.38 0.30 0.33 0.27 0.18 0.00 | 0.10 0.12 0.10 0.11 0.13 0.10 0.11 0.09 0.70 0.08 0.11 0.00 | 0.31 0.39 0.35 0.35 0.41 0.31 0.37 0.31 0.33 0.27 0.44 0.00 |
ESFP_F_A       0.32 0.41 0.35 0.35 0.38 0.35 0.46 0.30 0.33 0.27 0.18 0.00 | 0.10 0.12 0.10 0.11 0.13 0.09 0.14 0.09 0.70 0.08 0.11 0.00 | 0.29 0.41 0.35 0.35 0.38 0.29 0.45 0.31 0.33 0.27 0.44 0.00 | 0.32 0.38 0.35 0.38 0.40 0.35 0.39 0.30 0.33 0.27 0.18 0.00 | 0.11 0.12 0.10 0.11 0.15 0.10 0.11 0.09 0.69 0.08 0.12 0.00 | 0.30 0.38 0.35 0.38 0.40 0.29 0.38 0.31 0.33 0.27 0.46 0.00 | 0.31 0.38 0.35 0.35 0.38 0.36 0.36 0.30 0.33 0.26 0.18 0.00 | 0.10 0.11 0.10 0.10 0.13 0.10 0.11 0.09 0.69 0.08 0.11 0.00 | 0.29 0.38 0.35 0.35 0.38 0.29 0.35 0.31 0.33 0.26 0.44 0.00 |
ESFP_M_B       0.35 0.43 0.37 0.37 0.40 0.38 0.51 0.34 0.35 0.31 0.18 0.00 | 0.11 0.13 0.11 0.11 0.13 0.10 0.15 0.09 0.72 0.09 0.12 0.00 | 0.33 0.43 0.37 0.37 0.40 0.32 0.50 0.35 0.35 0.31 0.45 0.00 | 0.36 0.40 0.37 0.39 0.43 0.38 0.42 0.33 0.35 0.30 0.18 0.00 | 0.11 0.12 0.11 0.12 0.15 0.11 0.12 0.09 0.71 0.09 0.12 0.00 | 0.33 0.40 0.37 0.39 0.43 0.33 0.41 0.34 0.35 0.30 0.47 0.00 | 0.34 0.40 0.36 0.36 0.40 0.39 0.38 0.32 0.34 0.30 0.18 0.00 | 0.10 0.12 0.11 0.11 0.13 0.10 0.11 0.09 0.71 0.09 0.11 0.00 | 0.31 0.40 0.36 0.36 0.40 0.32 0.37 0.34 0.34 0.30 0.45 0.00 |
ESFP_F_B       0.33 0.42 0.36 0.36 0.38 0.36 0.46 0.32 0.34 0.29 0.18 0.00 | 0.10 0.13 0.11 0.11 0.13 0.10 0.14 0.09 0.71 0.09 0.11 0.00 | 0.30 0.42 0.36 0.36 0.38 0.30 0.45 0.33 0.34 0.29 0.45 0.00 | 0.33 0.39 0.36 0.39 0.40 0.36 0.39 0.32 0.34 0.29 0.18 0.00 | 0.11 0.12 0.11 0.12 0.15 0.10 0.11 0.09 0.70 0.09 0.12 0.00 | 0.31 0.39 0.36 0.39 0.40 0.30 0.38 0.33 0.34 0.29 0.47 0.00 | 0.32 0.39 0.36 0.36 0.38 0.37 0.36 0.31 0.34 0.28 0.18 0.00 | 0.10 0.12 0.11 0.11 0.13 0.10 0.11 0.09 0.70 0.08 0.11 0.00 | 0.30 0.39 0.36 0.36 0.38 0.31 0.35 0.32 0.34 0.28 0.44 0.00 |
ESFP_M_AB      0.35 0.42 0.37 0.36 0.40 0.38 0.49 0.33 0.35 0.30 0.18 0.00 | 0.10 0.13 0.11 0.11 0.13 0.10 0.14 0.09 0.71 0.09 0.11 0.00 | 0.32 0.42 0.37 0.36 0.40 0.32 0.48 0.34 0.35 0.30 0.44 0.00 | 0.36 0.40 0.37 0.38 0.43 0.38 0.40 0.33 0.34 0.30 0.18 0.00 | 0.11 0.12 0.11 0.11 0.15 0.11 0.12 0.09 0.71 0.09 0.12 0.00 | 0.33 0.40 0.37 0.38 0.43 0.32 0.39 0.34 0.34 0.30 0.46 0.00 | 0.34 0.39 0.36 0.36 0.40 0.39 0.37 0.32 0.34 0.29 0.18 0.00 | 0.10 0.12 0.11 0.11 0.13 0.10 0.11 0.09 0.71 0.09 0.11 0.00 | 0.31 0.39 0.36 0.36 0.40 0.32 0.36 0.33 0.34 0.29 0.44 0.00 |
ESFP_F_AB      0.33 0.42 0.36 0.35 0.38 0.36 0.45 0.32 0.34 0.29 0.18 0.00 | 0.10 0.12 0.11 0.11 0.13 0.10 0.13 0.09 0.71 0.09 0.11 0.00 | 0.30 0.42 0.36 0.35 0.38 0.30 0.44 0.33 0.34 0.29 0.44 0.00 | 0.33 0.39 0.36 0.38 0.40 0.36 0.38 0.31 0.34 0.28 0.18 0.00 | 0.11 0.12 0.11 0.11 0.15 0.10 0.11 0.09 0.70 0.08 0.12 0.00 | 0.30 0.39 0.36 0.38 0.40 0.30 0.37 0.33 0.34 0.28 0.46 0.00 | 0.32 0.39 0.35 0.35 0.38 0.37 0.36 0.31 0.34 0.28 0.18 0.00 | 0.10 0.12 0.11 0.11 0.13 0.10 0.10 0.09 0.70 0.08 0.11 0.00 | 0.30 0.39 0.35 0.35 0.38 0.30 0.35 0.32 0.34 0.28 0.44 0.00 |
ISTJ_M_O       0.60 0.57 0.52 0.54 0.50 0.64 0.47 0.60 0.50 0.64 0.22 0.00 | 0.17 0.17 0.16 0.16 0.15 0.17 0.14 0.15 0.80 0.19 0.12 0.00 | 0.58 0.57 0.52 0.54 0.50 0.58 0.46 0.62 0.50 0.64 0.46 0.00 | 0.59 0.51 0.49 0.51 0.55 0.62 0.47 0.56 0.47 0.58 0.20 0.00 | 0.17 0.15 0.15 0.15 0.17 0.17 0.14 0.14 0.80 0.17 0.11 0.00 | 0.57 0.51 0.49 0.51 0.55 0.56 0.46 0.57 0.47 0.58 0.45 0.00 | 0.53 0.49 0.46 0.49 0.49 0.59 0.47 0.51 0.45 0.53 0.19 0.00 | 0.15 0.15 0.14 0.15 0.15 0.16 0.14 0.13 0.80 0.16 0.11 0.00 | 0.50 0.49 0.46 0.49 0.49 0.53 0.46 0.53 0.45 0.53 0.43 0.00 |
ISTJ_F_O       0.46 0.50 0.43 0.47 0.43 0.50 0.47 0.47 0.43 0.48 0.18 0.00 | 0.14 0.15 0.13 0.14 0.14 0.14 0.14 0.11 0.79 0.14 0.11 0.00 | 0.44 0.50 0.43 0.47 0.43 0.44 0.46 0.48 0.43 0.48 0.42 0.00 | 0.45 0.45 0.41 0.45 0.46 0.49 0.47 0.45 0.41 0.44 0.18 0.00 | 0.14 0.14 0.12 0.14 0.16 0.14 0.14 0.11 0.78 0.13 0.11 0.00 | 0.43 0.45 0.41 0.45 0.46 0.43 0.46 0.46 0.41 0.44 0.42 0.00 | 0.42 0.44 0.39 0.44 0.42 0.48 0.47 0.42 0.40 0.41 0.18 0.00 | 0.13 0.13 0.12 0.13 0.14 0.13 0.14 0.10 0.76 0.12 0.10 0.00 | 0.40 0.44 0.39 0.44 0.42 0.41 0.46 0.43 0.40 0.41 0.41 0.00 |
ISTJ_M_A       0.56 0.55 0.50 0.52 0.47 0.60 0.47 0.57 0.48 0.60 0.21 0.00 | 0.16 0.16 0.15 0.16 0.14 0.16 0.14 0.14 0.80 0.18 0.12 0.00 | 0.54 0.55 0.50 0.52 0.47 0.54 0.46 0.58 0.48 0.60 0.45 0.00 | 0.56 0.49 0.47 0.50 0.53 0.58 0.47 0.53 0.46 0.55 0.20 0.00 | 0.16 0.15 0.14 0.15 0.16 0.16 0.14 0.13 0.80 0.16 0.11 0.00 | 0.53 0.49 0.47 0.50 0.53 0.53 0.46 0.54 0.46 0.55 0.44 0.00 | 0.49 0.47 0.44 0.48 0.46 0.56 0.47 0.49 0.44 0.50 0.19 0.00 | 0.14 0.14 0.13 0.14 0.14 0.15 0.14 0.12 0.80 0.15 0.11 0.00 | 0.47 0.47 0.44 0.48 0.46 0.49 0.46 0.50 0.44 0.50 0.43 0.00 |
ISTJ_F_A       0.46 0.50 0.43 0.47 0.42 0.50 0.47 0.48 0.43 0.48 0.18 0.00 | 0.14 0.15 0.13 0.14 0.14 0.14 0.14 0.11 0.79 0.14 0.11 0.00 | 0.44 0.50 0.43 0.47 0.42 0.44 0.46 0.49 0.43 0.48 0.42 0.00 | 0.45 0.46 0.41 0.46 0.45 0.49 0.47 0.45 0.41 0.45 0.18 0.00 | 0.14 0.14 0.12 0.14 0.16 0.14 0.14 0.11 0.78 0.13 0.11 0.00 | 0.43 0.46 0.41 0.46 0.45 0.43 0.46 0.46 0.41 0.45 0.42 0.00 | 0.42 0.44 0.40 0.44 0.41 0.48 0.47 0.42 0.40 0.42 0.18 0.00 | 0.13 0.13 0.12 0.13 0.14 0.13 0.14 0.10 0.76 0.13 0.10 0.00 | 0.39 0.44 0.40 0.44 0.41 0.41 0.46 0.44 0.40 0.42 0.41 0.00 |
ISTJ_M_B       0.53 0.52 0.47 0.49 0.47 0.56 0.47 0.52 0.45 0.54 0.20 0.00 | 0.15 0.16 0.14 0.15 0.14 0.15 0.14 0.13 0.80 0.16 0.11 0.00 | 0.50 0.52 0.47 0.49 0.47 0.50 0.46 0.54 0.45 0.54 0.44 0.00 | 0.53 0.47 0.44 0.48 0.54 0.56 0.47 0.49 0.44 0.50 0.19 0.00 | 0.15 0.14 0.13 0.14 0.16 0.15 0.14 0.12 0.80 0.15 0.11 0.00 | 0.51 0.47 0.44 0.48 0.54 0.50 0.46 0.50 0.44 0.50 0.43 0.00 | 0.47 0.46 0.42 0.46 0.46 0.53 0.47 0.46 0.42 0.46 0.18 0.00 | 0.13 0.14 0.13 0.14 0.14 0.14 0.14 0.11 0.78 0.14 0.11 0.00 | 0.45 0.46 0.42 0.46 0.46 0.47 0.46 0.47 0.42 0.46 0.42 0.00 |
ISTJ_F_B       0.44 0.48 0.41 0.45 0.42 0.48 0.47 0.45 0.41 0.44 0.18 0.00 | 0.13 0.14 0.12 0.14 0.14 0.13 0.14 0.11 0.78 0.13 0.11 0.00 | 0.41 0.48 0.41 0.45 0.42 0.42 0.46 0.46 0.41 0.44 0.42 0.00 | 0.43 0.44 0.40 0.44 0.45 0.47 0.47 0.42 0.40 0.42 0.18 0.00 | 0.14 0.13 0.12 0.13 0.16 0.13 0.14 0.10 0.76 0.12 0.10 0.00 | 0.41 0.44 0.40 0.44 0.45 0.41 0.46 0.44 0.40 0.42 0.41 0.00 | 0.40 0.43 0.38 0.43 0.41 0.46 0.47 0.40 0.39 0.39 0.18 0.00 | 0.12 0.13 0.11 0.13 0.13 0.12 0.14 0.09 0.75 0.12 0.10 0.00 | 0.38 0.43 0.38 0.43 0.41 0.40 0.46 0.41 0.39 0.39 0.40 0.00 |
ISTJ_M_AB      0.52 0.53 0.47 0.50 0.47 0.56 0.47 0.53 0.46 0.54 0.20 0.00 | 0.15 0.16 0.14 0.15 0.14 0.15 0.14 0.13 0.80 0.16 0.11 0.00 | 0.50 0.53 0.47 0.50 0.47 0.50 0.46 0.54 0.46 0.54 0.44 0.00 | 0.53 0.48 0.45 0.48 0.52 0.55 0.47 0.49 0.44 0.50 0.19 0.00 | 0.15 0.14 0.13 0.14 0.16 0.15 0.14 0.12 0.80 0.15 0.11 0.00 | 0.50 0.48 0.45 0.48 0.52 0.49 0.46 0.51 0.44 0.50 0.43 0.00 | 0.47 0.46 0.42 0.46 0.45 0.53 0.47 0.46 0.42 0.46 0.18 0.00 | 0.13 0.14 0.13 0.14 0.14 0.14 0.14 0.11 0.78 0.14 0.11 0.00 | 0.45 0.46 0.42 0.46 0.45 0.46 0.46 0.47 0.42 0.46 0.42 0.00 |
ISTJ_F_AB      0.44 0.48 0.41 0.45 0.42 0.48 0.47 0.45 0.41 0.45 0.18 0.00 | 0.13 0.15 0.12 0.14 0.14 0.13 0.14 0.11 0.78 0.13 0.11 0.00 | 0.41 0.48 0.41 0.45 0.42 0.42 0.46 0.46 0.41 0.45 0.42 0.00 | 0.43 0.44 0.40 0.44 0.44 0.47 0.47 0.43 0.40 0.42 0.18 0.00 | 0.14 0.13 0.12 0.13 0.16 0.13 0.14 0.10 0.77 0.13 0.10 0.00 | 0.41 0.44 0.40 0.44 0.44 0.41 0.46 0.44 0.40 0.42 0.41 0.00 | 0.40 0.43 0.38 0.43 0.41 0.46 0.47 0.40 0.39 0.39 0.18 0.00 | 0.12 0.13 0.12 0.13 0.14 0.12 0.14 0.09 0.75 0.12 0.10 0.00 | 0.38 0.43 0.38 0.43 0.41 0.40 0.46 0.41 0.39 0.39 0.41 0.00 |
ESTJ_M_O       0.57 0.57 0.53 0.54 0.45 0.61 0.47 0.61 0.50 0.64 0.22 0.00 | 0.17 0.17 0.16 0.16 0.15 0.17 0.14 0.15 0.80 0.19 0.12 0.00 | 0.54 0.57 0.53 0.54 0.45 0.56 0.46 0.62 0.50 0.64 0.46 0.00 | 0.56 0.51 0.50 0.52 0.48 0.60 0.47 0.58 0.48 0.60 0.21 0.00 | 0.18 0.15 0.15 0.16 0.17 0.17 0.14 0.14 0.80 0.18 0.12 0.00 | 0.53 0.51 0.50 0.52 0.48 0.54 0.46 0.59 0.48 0.60 0.45 0.00 | 0.50 0.49 0.47 0.50 0.44 0.58 0.47 0.53 0.46 0.54 0.20 0.00 | 0.15 0.15 0.14 0.15 0.14 0.16 0.14 0.13 0.80 0.16 0.11 0.00 | 0.48 0.49 0.47 0.50 0.44 0.51 0.46 0.54 0.46 0.54 0.44 0.00 |
ESTJ_F_O       0.46 0.50 0.44 0.47 0.41 0.50 0.47 0.48 0.43 0.49 0.18 0.00 | 0.14 0.15 0.13 0.14 0.14 0.14 0.14 0.12 0.80 0.15 0.11 0.00 | 0.43 0.50 0.44 0.47 0.41 0.44 0.46 0.49 0.43 0.49 0.43 0.00 | 0.44 0.46 0.42 0.46 0.42 0.48 0.47 0.46 0.42 0.45 0.18 0.00 | 0.14 0.14 0.13 0.14 0.16 0.14 0.14 0.11 0.78 0.14 0.11 0.00 | 0.42 0.46 0.42 0.46 0.42 0.42 0.46 0.47 0.42 0.45 0.42 0.00 | 0.41 0.44 0.40 0.44 0.40 0.48 0.47 0.43 0.40 0.42 0.18 0.00 | 0.13 0.13 0.12 0.13 0.14 0.13 0.14 0.10 0.77 0.13 0.11 0.00 | 0.39 0.44 0.40 0.44 0.40 0.41 0.46 0.44 0.40 0.42 0.42 0.00 |
ESTJ_M_A       0.56 0.56 0.51 0.53 0.46 0.60 0.47 0.59 0.49 0.62 0.21 0.00 | 0.17 0.17 0.15 0.16 0.14 0.17 0.14 0.15 0.80 0.18 0.12 0.00 | 0.54 0.56 0.51 0.53 0.46 0.54 0.46 0.60 0.49 0.62 0.46 0.00 | 0.55 0.50 0.48 0.51 0.49 0.58 0.47 0.55 0.47 0.56 0.20 0.00 | 0.17 0.15 0.14 0.15 0.16 0.16 0.14 0.13 0.80 0.17 0.11 0.00 | 0.52 0.50 0.48 0.51 0.49 0.52 0.46 0.56 0.47 0.56 0.44 0.00 | 0.49 0.48 0.45 0.48 0.44 0.56 0.47 0.50 0.44 0.51 0.19 0.00 | 0.15 0.14 0.14 0.15 0.14 0.15 0.14 0.12 0.80 0.15 0.11 0.00 | 0.47 0.48 0.45 0.48 0.44 0.49 0.46 0.51 0.44 0.51 0.44 0.00 |
ESTJ_F_A       0.47 0.51 0.44 0.48 0.42 0.51 0.47 0.49 0.44 0.49 0.19 0.00 | 0.14 0.15 0.13 0.14 0.14 0.14 0.14 0.12 0.80 0.15 0.11 0.00 | 0.44 0.51 0.44 0.48 0.42 0.45 0.46 0.50 0.44 0.49 0.43 0.00 | 0.45 0.46 0.42 0.46 0.43 0.49 0.47 0.46 0.42 0.46 0.18 0.00 | 0.14 0.14 0.13 0.14 0.16 0.14 0.14 0.11 0.79 0.14 0.11 0.00 | 0.43 0.46 0.42 0.46 0.43 0.43 0.46 0.47 0.42 0.46 0.42 0.00 | 0.42 0.45 0.41 0.45 0.41 0.48 0.47 0.43 0.40 0.43 0.18 0.00 | 0.13 0.13 0.12 0.13 0.14 0.13 0.14 0.10 0.77 0.13 0.11 0.00 | 0.40 0.45 0.41 0.45 0.41 0.42 0.46 0.44 0.40 0.43 0.42 0.00 |
ESTJ_M_B       0.54 0.55 0.50 0.52 0.44 0.58 0.47 0.57 0.48 0.59 0.21 0.00 | 0.16 0.16 0.15 0.16 0.14 0.16 0.14 0.14 0.80 0.18 0.12 0.00 | 0.51 0.55 0.50 0.52 0.44 0.52 0.46 0.58 0.48 0.59 0.46 0.00 | 0.52 0.49 0.47 0.50 0.46 0.56 0.47 0.53 0.46 0.55 0.20 0.00 | 0.16 0.15 0.14 0.15 0.16 0.16 0.14 0.13 0.80 0.16 0.11 0.00 | 0.49 0.49 0.47 0.50 0.46 0.50 0.46 0.54 0.46 0.55 0.45 0.00 | 0.47 0.47 0.45 0.48 0.43 0.54 0.47 0.49 0.44 0.50 0.19 0.00 | 0.14 0.14 0.14 0.14 0.14 0.15 0.14 0.12 0.80 0.15 0.11 0.00 | 0.45 0.47 0.45 0.48 0.43 0.48 0.46 0.50 0.44 0.50 0.44 0.00 |
ESTJ_F_B       0.45 0.50 0.44 0.47 0.41 0.49 0.47 0.48 0.43 0.48 0.18 0.00 | 0.14 0.15 0.13 0.14 0.14 0.14 0.14 0.11 0.80 0.14 0.11 0.00 | 0.43 0.50 0.44 0.47 0.41 0.44 0.46 0.49 0.43 0.48 0.44 0.00 | 0.44 0.45 0.42 0.46 0.42 0.47 0.47 0.45 0.42 0.45 0.18 0.00 | 0.14 0.14 0.13 0.14 0.16 0.14 0.14 0.11 0.78 0.13 0.11 0.00 | 0.41 0.45 0.42 0.46 0.42 0.42 0.46 0.46 0.42 0.45 0.43 0.00 | 0.41 0.44 0.41 0.44 0.40 0.47 0.47 0.42 0.40 0.42 0.18 0.00 | 0.13 0.13 0.12 0.13 0.14 0.13 0.14 0.10 0.77 0.12 0.11 0.00 | 0.39 0.44 0.41 0.44 0.40 0.41 0.46 0.43 0.40 0.42 0.44 0.00 |
ESTJ_M_AB      0.53 0.54 0.49 0.51 0.45 0.57 0.47 0.56 0.47 0.58 0.20 0.00 | 0.16 0.16 0.15 0.15 0.14 0.16 0.14 0.14 0.80 0.17 0.12 0.00 | 0.51 0.54 0.49 0.51 0.45 0.51 0.46 0.57 0.47 0.58 0.45 0.00 | 0.51 0.49 0.47 0.49 0.47 0.55 0.47 0.52 0.45 0.53 0.19 0.00 | 0.16 0.15 0.14 0.15 0.16 0.16 0.14 0.13 0.80 0.16 0.11 0.00 | 0.49 0.49 0.47 0.49 0.47 0.49 0.46 0.53 0.45 0.53 0.44 0.00 | 0.47 0.47 0.44 0.47 0.43 0.53 0.47 0.48 0.43 0.48 0.18 0.00 | 0.14 0.14 0.13 0.14 0.14 0.15 0.14 0.12 0.80 0.15 0.11 0.00 | 0.45 0.47 0.44 0.47 0.43 0.47 0.46 0.49 0.43 0.48 0.44 0.00 |
ESTJ_F_AB      0.45 0.49 0.43 0.46 0.41 0.49 0.47 0.47 0.43 0.47 0.18 0.00 | 0.14 0.15 0.13 0.14 0.14 0.14 0.14 0.11 0.79 0.14 0.11 0.00 | 0.42 0.49 0.43 0.46 0.41 0.43 0.46 0.48 0.43 0.47 0.44 0.00 | 0.43 0.45 0.42 0.45 0.42 0.47 0.47 0.44 0.41 0.44 0.18 0.00 | 0.14 0.14 0.12 0.14 0.16 0.14 0.14 0.10 0.78 0.13 0.11 0.00 | 0.41 0.45 0.42 0.45 0.42 0.41 0.46 0.45 0.41 0.44 0.43 0.00 | 0.41 0.44 0.40 0.44 0.40 0.47 0.47 0.42 0.40 0.41 0.18 0.00 | 0.12 0.13 0.12 0.13 0.14 0.13 0.14 0.10 0.76 0.12 0.11 0.00 | 0.38 0.44 0.40 0.44 0.40 0.40 0.46 0.43 0.40 0.41 0.44 0.00 |
INFP_M_O       0.43 0.46 0.38 0.43 0.46 0.46 0.47 0.40 0.39 0.38 0.18 0.00 | 0.12 0.14 0.11 0.13 0.14 0.12 0.14 0.09 0.75 0.11 0.11 0.00 | 0.41 0.46 0.38 0.43 0.46 0.40 0.46 0.41 0.39 0.38 0.42 0.00 | 0.45 0.42 0.37 0.42 0.52 0.47 0.47 0.38 0.38 0.36 0.18 0.00 | 0.13 0.13 0.11 0.13 0.16 0.12 0.14 0.09 0.75 0.11 0.10 0.00 | 0.43 0.42 0.37 0.42 0.52 0.41 0.46 0.39 0.38 0.36 0.41 0.00 | 0.41 0.41 0.37 0.41 0.46 0.45 0.47 0.36 0.37 0.35 0.18 0.00 | 0.12 0.12 0.11 0.12 0.14 0.12 0.14 0.09 0.74 0.10 0.11 0.00 | 0.38 0.41 0.37 0.41 0.46 0.39 0.46 0.38 0.37 0.35 0.42 0.00 |
INFP_F_O       0.36 0.43 0.36 0.40 0.41 0.40 0.47 0.35 0.37 0.33 0.18 0.00 | 0.11 0.13 0.11 0.12 0.13 0.11 0.14 0.09 0.73 0.10 0.11 0.00 | 0.34 0.43 0.36 0.40 0.41 0.34 0.46 0.36 0.37 0.33 0.42 0.00 | 0.37 0.40 0.35 0.40 0.44 0.40 0.47 0.34 0.36 0.32 0.18 0.00 | 0.12 0.12 0.11 0.12 0.15 0.11 0.14 0.09 0.73 0.10 0.10 0.00 | 0.35 0.40 0.35 0.40 0.44 0.34 0.46 0.35 0.36 0.32 0.41 0.00 | 0.35 0.40 0.35 0.39 0.40 0.40 0.47 0.33 0.36 0.31 0.18 0.00 | 0.10 0.12 0.11 0.12 0.13 0.11 0.14 0.09 0.72 0.09 0.11 0.00 | 0.33 0.40 0.35 0.39 0.40 0.33 0.46 0.35 0.36 0.31 0.43 0.00 |
INFP_M_A       0.44 0.47 0.41 0.44 0.45 0.48 0.47 0.43 0.41 0.42 0.18 0.00 | 0.13 0.14 0.12 0.13 0.14 0.13 0.14 0.10 0.78 0.13 0.11 0.00 | 0.42 0.47 0.41 0.44 0.45 0.42 0.46 0.44 0.41 0.42 0.44 0.00 | 0.46 0.44 0.40 0.43 0.51 0.48 0.47 0.41 0.40 0.40 0.18 0.00 | 0.13 0.13 0.12 0.13 0.16 0.13 0.14 0.09 0.76 0.12 0.11 0.00 | 0.43 0.44 0.40 0.43 0.51 0.42 0.46 0.42 0.40 0.40 0.43 0.00 | 0.41 0.43 0.39 0.42 0.44 0.46 0.47 0.39 0.39 0.38 0.18 0.00 | 0.12 0.13 0.12 0.13 0.13 0.12 0.14 0.09 0.75 0.11 0.11 0.00 | 0.39 0.43 0.39 0.42 0.44 0.40 0.46 0.40 0.39 0.38 0.45 0.00 |
INFP_F_A       0.39 0.45 0.39 0.42 0.41 0.42 0.47 0.38 0.39 0.37 0.18 0.00 | 0.12 0.14 0.12 0.13 0.13 0.11 0.14 0.09 0.75 0.11 0.11 0.00 | 0.36 0.45 0.39 0.42 0.41 0.36 0.46 0.39 0.39 0.37 0.44 0.00 | 0.39 0.42 0.38 0.41 0.43 0.42 0.47 0.37 0.38 0.35 0.18 0.00 | 0.12 0.13 0.11 0.12 0.15 0.12 0.14 0.09 0.75 0.11 0.11 0.00 | 0.36 0.42 0.38 0.41 0.43 0.36 0.46 0.38 0.38 0.35 0.44 0.00 | 0.36 0.41 0.39 0.41 0.40 0.42 0.47 0.36 0.37 0.33 0.18 0.00 | 0.11 0.12 0.12 0.12 0.13 0.11 0.14 0.09 0.74 0.10 0.12 0.00 | 0.34 0.41 0.39 0.41 0.40 0.35 0.46 0.37 0.37 0.33 0.47 0.00 |
INFP_M_B       0.44 0.47 0.39 0.44 0.45 0.47 0.47 0.41 0.40 0.40 0.18 0.00 | 0.12 0.14 0.12 0.13 0.14 0.12 0.14 0.09 0.76 0.12 0.11 0.00 | 0.41 0.47 0.39 0.44 0.45 0.41 0.46 0.42 0.40 0.40 0.42 0.00 | 0.46 0.43 0.38 0.43 0.52 0.48 0.47 0.39 0.39 0.38 0.18 0.00 | 0.13 0.13 0.11 0.13 0.16 0.12 0.14 0.09 0.75 0.11 0.11 0.00 | 0.43 0.43 0.38 0.43 0.52 0.42 0.46 0.41 0.39 0.38 0.42 0.00 | 0.41 0.42 0.37 0.42 0.45 0.46 0.47 0.38 0.38 0.36 0.18 0.00 | 0.12 0.13 0.11 0.12 0.13 0.12 0.14 0.09 0.74 0.11 0.11 0.00 | 0.39 0.42 0.37 0.42 0.45 0.39 0.46 0.39 0.38 0.36 0.42 0.00 |
INFP_F_B       0.38 0.44 0.37 0.41 0.41 0.41 0.47 0.37 0.38 0.35 0.18 0.00 | 0.11 0.13 0.11 0.12 0.13 0.11 0.14 0.09 0.74 0.11 0.11 0.00 | 0.35 0.44 0.37 0.41 0.41 0.35 0.46 0.38 0.38 0.35 0.42 0.00 | 0.38 0.41 0.36 0.41 0.44 0.41 0.47 0.36 0.37 0.34 0.18 0.00 | 0.12 0.12 0.11 0.12 0.15 0.12 0.14 0.09 0.74 0.10 0.11 0.00 | 0.36 0.41 0.36 0.41 0.44 0.35 0.46 0.37 0.37 0.34 0.42 0.00 | 0.36 0.41 0.36 0.40 0.40 0.41 0.47 0.35 0.36 0.32 0.18 0.00 | 0.11 0.12 0.11 0.12 0.13 0.11 0.14 0.09 0.73 0.10 0.11 0.00 | 0.34 0.41 0.36 0.40 0.40 0.35 0.46 0.36 0.36 0.32 0.44 0.00 |
INFP_M_AB      0.45 0.47 0.41 0.44 0.45 0.48 0.47 0.43 0.41 0.42 0.18 0.00 | 0.13 0.14 0.12 0.13 0.14 0.13 0.14 0.10 0.77 0.13 0.11 0.00 | 0.42 0.47 0.41 0.44 0.45 0.42 0.46 0.44 0.41 0.42 0.43 0.00 | 0.46 0.44 0.39 0.43 0.51 0.48 0.47 0.41 0.40 0.40 0.18 0.00 | 0.13 0.13 0.12 0.13 0.16 0.13 0.14 0.09 0.76 0.12 0.11 0.00 | 0.44 0.44 0.39 0.43 0.51 0.42 0.46 0.42 0.40 0.40 0.42 0.00 | 0.41 0.43 0.39 0.42 0.44 0.46 0.47 0.39 0.39 0.38 0.18 0.00 | 0.12 0.13 0.12 0.13 0.13 0.12 0.14 0.09 0.75 0.11 0.11 0.00 | 0.39 0.43 0.39 0.42 0.44 0.40 0.46 0.40 0.39 0.38 0.43 0.00 |
INFP_F_AB      0.39 0.45 0.38 0.42 0.41 0.42 0.47 0.38 0.38 0.37 0.18 0.00 | 0.12 0.14 0.11 0.13 0.13 0.11 0.14 0.09 0.75 0.11 0.11 0.00 | 0.36 0.45 0.38 0.42 0.41 0.36 0.46 0.39 0.38 0.37 0.43 0.00 | 0.39 0.42 0.37 0.41 0.43 0.42 0.47 0.37 0.38 0.35 0.18 0.00 | 0.12 0.13 0.11 0.12 0.15 0.12 0.14 0.09 0.74 0.11 0.11 0.00 | 0.36 0.42 0.37 0.41 0.43 0.36 0.46 0.38 0.38 0.35 0.43 0.00 | 0.36 0.41 0.37 0.41 0.40 0.42 0.47 0.36 0.37 0.33 0.18 0.00 | 0.11 0.12 0.11 0.12 0.13 0.11 0.14 0.09 0.73 0.10 0.11 0.00 | 0.34 0.41 0.37 0.41 0.40 0.35 0.46 0.37 0.37 0.33 0.45 0.00 |
ISFJ_M_O       0.53 0.52 0.47 0.44 0.49 0.57 0.47 0.52 0.46 0.54 0.19 0.00 | 0.15 0.16 0.14 0.13 0.15 0.15 0.14 0.13 0.81 0.16 0.10 0.00 | 0.51 0.52 0.47 0.44 0.49 0.51 0.46 0.53 0.46 0.54 0.41 0.00 | 0.54 0.47 0.45 0.42 0.54 0.56 0.47 0.49 0.44 0.50 0.19 0.00 | 0.15 0.14 0.13 0.13 0.16 0.15 0.14 0.12 0.80 0.15 0.10 0.00 | 0.51 0.47 0.45 0.42 0.54 0.50 0.46 0.50 0.44 0.50 0.40 0.00 | 0.48 0.46 0.43 0.40 0.48 0.54 0.47 0.46 0.42 0.46 0.18 0.00 | 0.14 0.14 0.13 0.12 0.14 0.14 0.14 0.11 0.79 0.14 0.10 0.00 | 0.46 0.46 0.43 0.40 0.48 0.47 0.46 0.47 0.42 0.46 0.41 0.00 |
ISFJ_F_O       0.42 0.47 0.41 0.39 0.42 0.46 0.47 0.42 0.41 0.42 0.18 0.00 | 0.13 0.14 0.12 0.12 0.14 0.12 0.14 0.10 0.77 0.13 0.10 0.00 | 0.40 0.47 0.41 0.39 0.42 0.40 0.46 0.44 0.41 0.42 0.39 0.00 | 0.42 0.43 0.39 0.38 0.45 0.45 0.47 0.40 0.40 0.39 0.18 0.00 | 0.13 0.13 0.12 0.11 0.16 0.13 0.14 0.09 0.76 0.12 0.10 0.00 | 0.40 0.43 0.39 0.38 0.45 0.39 0.46 0.42 0.40 0.39 0.39 0.00 | 0.39 0.42 0.39 0.37 0.41 0.45 0.47 0.39 0.38 0.37 0.18 0.00 | 0.12 0.13 0.12 0.11 0.13 0.12 0.14 0.09 0.75 0.11 0.10 0.00 | 0.37 0.42 0.39 0.37 0.41 0.38 0.46 0.40 0.38 0.37 0.40 0.00 |
ISFJ_M_A       0.46 0.49 0.43 0.40 0.45 0.50 0.47 0.45 0.42 0.45 0.18 0.00 | 0.13 0.15 0.13 0.12 0.14 0.13 0.14 0.11 0.79 0.14 0.10 0.00 | 0.44 0.49 0.43 0.40 0.45 0.44 0.46 0.46 0.42 0.45 0.40 0.00 | 0.47 0.44 0.41 0.39 0.51 0.50 0.47 0.43 0.41 0.42 0.18 0.00 | 0.14 0.13 0.12 0.12 0.16 0.13 0.14 0.10 0.78 0.13 0.10 0.00 | 0.45 0.44 0.41 0.39 0.51 0.44 0.46 0.44 0.41 0.42 0.39 0.00 | 0.43 0.43 0.40 0.38 0.44 0.48 0.47 0.41 0.40 0.39 0.18 0.00 | 0.12 0.13 0.12 0.11 0.14 0.12 0.14 0.09 0.76 0.12 0.10 0.00 | 0.40 0.43 0.40 0.38 0.44 0.41 0.46 0.42 0.40 0.39 0.41 0.00 |
ISFJ_F_A       0.40 0.46 0.40 0.37 0.41 0.43 0.47 0.40 0.40 0.38 0.18 0.00 | 0.12 0.14 0.12 0.11 0.13 0.12 0.14 0.09 0.76 0.12 0.10 0.00 | 0.37 0.46 0.40 0.37 0.41 0.37 0.46 0.41 0.40 0.38 0.40 0.00 | 0.40 0.42 0.39 0.37 0.43 0.43 0.47 0.38 0.39 0.37 0.18 0.00 | 0.13 0.13 0.12 0.11 0.15 0.12 0.14 0.09 0.75 0.11 0.10 0.00 | 0.37 0.42 0.39 0.37 0.43 0.37 0.46 0.39 0.39 0.37 0.40 0.00 | 0.37 0.42 0.39 0.36 0.40 0.43 0.47 0.37 0.38 0.35 0.18 0.00 | 0.11 0.12 0.12 0.11 0.13 0.11 0.14 0.09 0.74 0.10 0.11 0.00 | 0.35 0.42 0.39 0.36 0.40 0.36 0.46 0.38 0.38 0.35 0.43 0.00 |
ISFJ_M_B       0.47 0.49 0.42 0.41 0.46 0.50 0.47 0.45 0.42 0.45 0.18 0.00 | 0.13 0.15 0.13 0.12 0.14 0.13 0.14 0.11 0.78 0.14 0.10 0.00 | 0.45 0.49 0.42 0.41 0.46 0.44 0.46 0.46 0.42 0.45 0.39 0.00 | 0.48 0.44 0.41 0.40 0.53 0.50 0.47 0.43 0.41 0.42 0.18 0.00 | 0.14 0.13 0.12 0.12 0.16 0.13 0.14 0.10 0.77 0.13 0.10 0.00 | 0.46 0.44 0.41 0.40 0.53 0.45 0.46 0.44 0.41 0.42 0.39 0.00 | 0.43 0.43 0.40 0.38 0.45 0.48 0.47 0.41 0.39 0.39 0.18 0.00 | 0.12 0.13 0.12 0.11 0.14 0.13 0.14 0.09 0.76 0.12 0.10 0.00 | 0.41 0.43 0.40 0.38 0.45 0.42 0.46 0.42 0.39 0.39 0.39 0.00 |
ISFJ_F_B       0.40 0.46 0.39 0.38 0.41 0.43 0.47 0.40 0.39 0.38 0.18 0.00 | 0.12 0.14 0.12 0.11 0.13 0.12 0.14 0.09 0.76 0.12 0.10 0.00 | 0.38 0.46 0.39 0.38 0.41 0.38 0.46 0.41 0.39 0.38 0.39 0.00 | 0.40 0.42 0.38 0.38 0.44 0.43 0.47 0.38 0.38 0.37 0.18 0.00 | 0.13 0.13 0.11 0.11 0.15 0.12 0.14 0.09 0.75 0.11 0.10 0.00 | 0.38 0.42 0.38 0.38 0.44 0.37 0.46 0.39 0.38 0.37 0.39 0.00 | 0.37 0.42 0.38 0.36 0.41 0.43 0.47 0.37 0.37 0.35 0.18 0.00 | 0.11 0.12 0.11 0.11 0.13 0.11 0.14 0.09 0.74 0.10 0.10 0.00 | 0.35 0.42 0.38 0.36 0.41 0.36 0.46 0.38 0.37 0.35 0.40 0.00 |
ISFJ_M_AB      0.46 0.48 0.42 0.40 0.45 0.49 0.47 0.44 0.42 0.44 0.18 0.00 | 0.13 0.14 0.13 0.12 0.14 0.13 0.14 0.10 0.78 0.13 0.10 0.00 | 0.43 0.48 0.42 0.40 0.45 0.43 0.46 0.46 0.42 0.44 0.39 0.00 | 0.47 0.44 0.40 0.40 0.51 0.49 0.47 0.42 0.40 0.41 0.18 0.00 | 0.14 0.13 0.12 0.12 0.16 0.13 0.14 0.10 0.77 0.12 0.10 0.00 | 0.45 0.44 0.40 0.40 0.51 0.43 0.46 0.43 0.40 0.41 0.39 0.00 | 0.42 0.43 0.40 0.38 0.44 0.47 0.47 0.40 0.39 0.39 0.18 0.00 | 0.12 0.13 0.12 0.11 0.13 0.12 0.14 0.09 0.76 0.12 0.10 0.00 | 0.40 0.43 0.40 0.38 0.44 0.41 0.46 0.41 0.39 0.39 0.40 0.00 |
ISFJ_F_AB      0.39 0.46 0.39 0.37 0.41 0.43 0.47 0.39 0.39 0.38 0.18 0.00 | 0.12 0.14 0.12 0.11 0.13 0.12 0.14 0.09 0.76 0.11 0.10 0.00 | 0.37 0.46 0.39 0.37 0.41 0.37 0.46 0.40 0.39 0.38 0.40 0.00 | 0.39 0.42 0.38 0.37 0.43 0.42 0.47 0.38 0.38 0.36 0.18 0.00 | 0.13 0.13 0.11 0.11 0.15 0.12 0.14 0.09 0.75 0.11 0.10 0.00 | 0.37 0.42 0.38 0.37 0.43 0.37 0.46 0.39 0.38 0.36 0.40 0.00 | 0.37 0.41 0.38 0.36 0.40 0.42 0.47 0.36 0.37 0.34 0.18 0.00 | 0.11 0.12 0.12 0.11 0.13 0.11 0.14 0.09 0.74 0.10 0.11 0.00 | 0.35 0.41 0.38 0.36 0.40 0.36 0.46 0.37 0.37 0.34 0.42 0.00 |
ENTJ_M_O       0.48 0.52 0.50 0.44 0.41 0.53 0.34 0.52 0.46 0.53 0.19 0.00 | 0.15 0.16 0.15 0.13 0.14 0.15 0.10 0.13 0.81 0.16 0.12 0.00 | 0.46 0.52 0.50 0.44 0.41 0.47 0.34 0.53 0.46 0.53 0.48 0.00 | 0.45 0.47 0.48 0.42 0.41 0.50 0.33 0.49 0.44 0.49 0.19 0.00 | 0.15 0.14 0.14 0.13 0.16 0.15 0.10 0.12 0.80 0.15 0.12 0.00 | 0.43 0.47 0.48 0.42 0.41 0.44 0.32 0.50 0.44 0.49 0.47 0.00 | 0.43 0.46 0.46 0.40 0.40 0.50 0.33 0.45 0.42 0.45 0.18 0.00 | 0.14 0.14 0.14 0.12 0.14 0.14 0.10 0.11 0.79 0.14 0.12 0.00 | 0.40 0.46 0.46 0.40 0.40 0.43 0.32 0.47 0.42 0.45 0.46 0.00 |
ENTJ_F_O       0.40 0.47 0.43 0.39 0.39 0.44 0.34 0.42 0.41 0.42 0.18 0.00 | 0.13 0.14 0.13 0.12 0.14 0.12 0.10 0.10 0.77 0.12 0.12 0.00 | 0.38 0.47 0.43 0.39 0.39 0.39 0.33 0.43 0.41 0.42 0.45 0.00 | 0.39 0.43 0.42 0.38 0.39 0.43 0.33 0.40 0.39 0.39 0.18 0.00 | 0.13 0.13 0.13 0.11 0.16 0.13 0.10 0.09 0.76 0.12 0.11 0.00 | 0.36 0.43 0.42 0.38 0.39 0.37 0.32 0.42 0.39 0.39 0.45 0.00 | 0.37 0.42 0.41 0.37 0.38 0.43 0.32 0.38 0.38 0.37 0.18 0.00 | 0.12 0.13 0.12 0.11 0.13 0.12 0.09 0.09 0.75 0.11 0.11 0.00 | 0.35 0.42 0.41 0.37 0.38 0.37 0.32 0.40 0.38 0.37 0.44 0.00 |
ENTJ_M_A       0.42 0.49 0.45 0.40 0.40 0.47 0.34 0.45 0.42 0.45 0.18 0.00 | 0.13 0.15 0.14 0.12 0.14 0.13 0.10 0.11 0.79 0.13 0.12 0.00 | 0.40 0.49 0.45 0.40 0.40 0.41 0.33 0.46 0.42 0.45 0.46 0.00 | 0.41 0.44 0.44 0.39 0.40 0.45 0.33 0.43 0.41 0.42 0.18 0.00 | 0.14 0.13 0.13 0.12 0.16 0.13 0.10 0.10 0.77 0.13 0.12 0.00 | 0.38 0.44 0.44 0.39 0.40 0.39 0.32 0.44 0.41 0.42 0.45 0.00 | 0.39 0.43 0.42 0.38 0.39 0.45 0.33 0.40 0.40 0.39 0.18 0.00 | 0.12 0.13 0.13 0.11 0.14 0.12 0.10 0.09 0.76 0.12 0.11 0.00 | 0.36 0.43 0.42 0.38 0.39 0.39 0.32 0.42 0.40 0.39 0.44 0.00 |
ENTJ_F_A       0.38 0.46 0.42 0.37 0.39 0.42 0.34 0.40 0.40 0.38 0.18 0.00 | 0.12 0.14 0.12 0.11 0.13 0.12 0.10 0.09 0.76 0.11 0.11 0.00 | 0.36 0.46 0.42 0.37 0.39 0.36 0.33 0.41 0.40 0.38 0.44 0.00 | 0.37 0.42 0.40 0.37 0.39 0.41 0.33 0.38 0.39 0.36 0.18 0.00 | 0.13 0.13 0.12 0.11 0.15 0.12 0.10 0.09 0.75 0.11 0.11 0.00 | 0.35 0.42 0.40 0.37 0.39 0.35 0.32 0.39 0.39 0.36 0.44 0.00 | 0.36 0.42 0.39 0.36 0.38 0.42 0.32 0.37 0.38 0.35 0.18 0.00 | 0.11 0.12 0.12 0.11 0.13 0.11 0.09 0.09 0.74 0.10 0.11 0.00 | 0.33 0.42 0.39 0.36 0.38 0.35 0.32 0.38 0.38 0.35 0.43 0.00 |
ENTJ_M_B       0.42 0.49 0.45 0.41 0.40 0.47 0.38 0.45 0.42 0.45 0.18 0.00 | 0.13 0.15 0.14 0.12 0.14 0.13 0.11 0.11 0.78 0.13 0.12 0.00 | 0.40 0.49 0.45 0.41 0.40 0.41 0.37 0.46 0.42 0.45 0.46 0.00 | 0.41 0.44 0.44 0.40 0.40 0.45 0.35 0.43 0.41 0.42 0.18 0.00 | 0.14 0.13 0.13 0.12 0.16 0.13 0.10 0.10 0.77 0.13 0.12 0.00 | 0.38 0.44 0.44 0.40 0.40 0.39 0.34 0.44 0.41 0.42 0.46 0.00 | 0.39 0.43 0.42 0.38 0.39 0.45 0.34 0.40 0.39 0.39 0.18 0.00 | 0.12 0.13 0.13 0.11 0.14 0.12 0.10 0.09 0.76 0.12 0.12 0.00 | 0.36 0.43 0.42 0.38 0.39 0.39 0.33 0.42 0.39 0.39 0.45 0.00 |
ENTJ_F_B       0.38 0.46 0.42 0.38 0.39 0.42 0.36 0.40 0.39 0.38 0.18 0.00 | 0.12 0.14 0.12 0.11 0.13 0.12 0.11 0.09 0.76 0.11 0.11 0.00 | 0.36 0.46 0.42 0.38 0.39 0.36 0.35 0.41 0.39 0.38 0.45 0.00 | 0.37 0.42 0.40 0.38 0.39 0.41 0.34 0.38 0.38 0.36 0.18 0.00 | 0.13 0.13 0.12 0.11 0.15 0.12 0.10 0.09 0.75 0.11 0.12 0.00 | 0.35 0.42 0.40 0.38 0.39 0.35 0.33 0.39 0.38 0.36 0.45 0.00 | 0.36 0.42 0.39 0.36 0.38 0.42 0.33 0.37 0.37 0.35 0.18 0.00 | 0.11 0.12 0.12 0.11 0.13 0.11 0.10 0.09 0.74 0.10 0.11 0.00 | 0.33 0.42 0.39 0.36 0.38 0.35 0.32 0.38 0.37 0.35 0.44 0.00 |
ENTJ_M_AB      0.41 0.47 0.44 0.39 0.40 0.45 0.37 0.43 0.41 0.42 0.18 0.00 | 0.13 0.14 0.13 0.12 0.14 0.13 0.11 0.10 0.77 0.13 0.12 0.00 | 0.39 0.47 0.44 0.39 0.40 0.39 0.36 0.44 0.41 0.42 0.45 0.00 | 0.40 0.44 0.42 0.39 0.40 0.44 0.34 0.41 0.40 0.40 0.18 0.00 | 0.13 0.13 0.13 0.12 0.16 0.13 0.10 0.09 0.76 0.12 0.12 0.00 | 0.37 0.44 0.42 0.39 0.40 0.38 0.34 0.42 0.40 0.40 0.45 0.00 | 0.38 0.43 0.41 0.37 0.39 0.44 0.33 0.39 0.39 0.38 0.18 0.00 | 0.12 0.13 0.12 0.11 0.13 0.12 0.10 0.09 0.75 0.11 0.11 0.00 | 0.36 0.43 0.41 0.37 0.39 0.37 0.33 0.40 0.39 0.38 0.44 0.00 |
ENTJ_F_AB      0.37 0.45 0.41 0.37 0.39 0.41 0.36 0.38 0.38 0.37 0.18 0.00 | 0.12 0.14 0.12 0.11 0.13 0.11 0.10 0.09 0.75 0.11 0.11 0.00 | 0.35 0.45 0.41 0.37 0.39 0.35 0.35 0.39 0.38 0.37 0.44 0.00 | 0.36 0.42 0.40 0.37 0.39 0.40 0.34 0.37 0.38 0.35 0.18 0.00 | 0.12 0.13 0.12 0.11 0.15 0.12 0.10 0.09 0.74 0.11 0.11 0.00 | 0.34 0.42 0.40 0.37 0.39 0.34 0.33 0.38 0.38 0.35 0.44 0.00 | 0.35 0.41 0.39 0.36 0.38 0.41 0.33 0.36 0.37 0.33 0.18 0.00 | 0.11 0.12 0.12 0.11 0.13 0.11 0.10 0.09 0.73 0.10 0.11 0.00 | 0.33 0.41 0.39 0.36 0.38 0.34 0.32 0.37 0.37 0.33 0.43 0.00 |
