
============================================================================================================================================
COMPLETE TENSOR: T[MBTI=4, Blood=0, Gender=0] ??12 particles ? 3 times ? 4 layers
Times: 4:30 PM (16.50h) | 3:00 AM (03.00h) | 4:30 AM (04.50h)
============================================================================================================================================
Particle     | LA_4:30PM | LA_3:00AM | LA_4:30AM | LB_4:30PM | LB_3:00AM | LB_4:30AM | LC_4:30PM | LC_3:00AM | LC_4:30AM | LD_4:30PM | LD_3:00AM | LD_4:30AM
--------------------------------------------------------------------------------------------------------------------------------------------
proton       |        0.69 |        0.11 |        0.42 |        0.68 |        0.11 |        0.43 |        0.72 |        0.12 |        0.43 |        0.69 |        0.11 |        0.46
gluon        |        0.36 |        0.08 |        0.27 |        0.36 |        0.08 |        0.27 |        0.40 |        0.09 |        0.29 |        0.36 |        0.08 |        0.32
muon         |        0.32 |        0.19 |        0.71 |        0.32 |        0.19 |        0.71 |        0.34 |        0.19 |        0.73 |        0.34 |        0.19 |        0.73
electron     |        0.51 |        0.08 |        0.40 |        0.53 |        0.09 |        0.42 |        0.53 |        0.09 |        0.42 |        0.55 |        0.09 |        0.44
quark        |        0.53 |        0.14 |        0.53 |        0.53 |        0.14 |        0.53 |        0.55 |        0.15 |        0.55 |        0.55 |        0.15 |        0.55
higgs        |        0.85 |        0.08 |        0.26 |        0.85 |        0.08 |        0.26 |        0.87 |        0.08 |        0.27 |        0.89 |        0.09 |        0.26
w_boson      |        0.30 |        0.06 |        0.21 |        0.30 |        0.06 |        0.21 |        0.32 |        0.07 |        0.23 |        0.32 |        0.07 |        0.23
z_boson      |        0.61 |        0.00 |        0.37 |        0.63 |        0.00 |        0.40 |        0.62 |        0.00 |        0.38 |        0.67 |        0.00 |        0.40
neutrino     |        0.47 |        1.00 |        0.40 |        0.47 |        1.00 |        0.40 |        0.49 |        1.00 |        0.42 |        0.49 |        1.00 |        0.42
tau          |        0.61 |        0.14 |        0.51 |        0.60 |        0.14 |        0.52 |        0.62 |        0.14 |        0.52 |        0.66 |        0.15 |        0.49
photon       |        0.00 |        0.06 |        0.51 |        0.00 |        0.06 |        0.50 |        0.02 |        0.07 |        0.53 |        0.01 |        0.07 |        0.52
em           |        0.43 |        0.08 |        0.53 |        0.42 |        0.08 |        0.52 |        0.45 |        0.09 |        0.55 |        0.44 |        0.08 |        0.54

====================================================================================================
ALL 128 PROFILES ? 3 TIMES ? 12 PARTICLES (Layer A, Observer)
====================================================================================================
ENFP_M_O       0.77 0.44 0.29 0.46 0.47 0.85 0.30 0.61 0.47 0.61 0.00 0.39 | 0.14 0.10 0.18 0.07 0.12 0.08 0.06 0.00 1.00 0.14 0.06 0.07 | 0.51 0.34 0.68 0.35 0.47 0.26 0.21 0.37 0.40 0.51 0.51 0.50 |
ENFP_F_O       0.68 0.44 0.36 0.48 0.51 0.81 0.37 0.58 0.54 0.55 0.00 0.35 | 0.11 0.10 0.20 0.07 0.14 0.06 0.08 0.00 1.00 0.12 0.06 0.06 | 0.42 0.34 0.74 0.37 0.51 0.21 0.28 0.34 0.47 0.45 0.48 0.46 |
ENFP_M_A       0.70 0.38 0.26 0.44 0.44 0.82 0.28 0.58 0.45 0.57 0.00 0.35 | 0.12 0.09 0.17 0.06 0.12 0.07 0.06 0.00 0.99 0.13 0.05 0.06 | 0.44 0.29 0.65 0.32 0.44 0.23 0.19 0.34 0.38 0.47 0.47 0.45 |
ENFP_F_A       0.63 0.38 0.31 0.45 0.47 0.78 0.33 0.56 0.50 0.52 0.00 0.32 | 0.10 0.09 0.18 0.06 0.13 0.06 0.07 0.00 1.00 0.11 0.05 0.05 | 0.37 0.29 0.70 0.34 0.47 0.19 0.24 0.32 0.43 0.42 0.45 0.43 |
ENFP_M_B       0.66 0.35 0.25 0.42 0.42 0.80 0.26 0.57 0.44 0.54 0.00 0.33 | 0.11 0.08 0.16 0.05 0.11 0.06 0.05 0.00 0.97 0.12 0.05 0.05 | 0.40 0.25 0.64 0.31 0.42 0.20 0.17 0.33 0.37 0.44 0.45 0.43 |
ENFP_F_B       0.61 0.35 0.29 0.43 0.45 0.77 0.31 0.55 0.48 0.51 0.00 0.30 | 0.09 0.08 0.17 0.06 0.12 0.05 0.06 0.00 1.00 0.11 0.04 0.04 | 0.34 0.25 0.67 0.32 0.45 0.18 0.22 0.31 0.41 0.41 0.43 0.41 |
ENFP_M_AB      0.63 0.32 0.24 0.41 0.40 0.78 0.26 0.56 0.43 0.53 0.00 0.31 | 0.10 0.07 0.16 0.05 0.11 0.06 0.05 0.00 0.96 0.11 0.04 0.04 | 0.37 0.23 0.62 0.30 0.40 0.19 0.16 0.32 0.36 0.43 0.43 0.41 |
ENFP_F_AB      0.59 0.32 0.27 0.42 0.43 0.76 0.29 0.54 0.46 0.50 0.00 0.29 | 0.08 0.07 0.17 0.05 0.11 0.05 0.06 0.00 1.00 0.10 0.04 0.04 | 0.32 0.23 0.66 0.31 0.43 0.17 0.20 0.30 0.39 0.40 0.42 0.39 |
ISFP_M_O       0.66 0.34 0.36 0.45 0.49 0.85 0.30 0.61 0.47 0.64 0.06 0.40 | 0.11 0.07 0.20 0.06 0.13 0.08 0.06 0.00 1.00 0.15 0.08 0.07 | 0.40 0.25 0.74 0.34 0.49 0.26 0.21 0.37 0.40 0.54 0.57 0.51 |
ISFP_F_O       0.60 0.36 0.47 0.47 0.57 0.81 0.37 0.58 0.54 0.61 0.04 0.35 | 0.09 0.08 0.23 0.07 0.16 0.06 0.08 0.00 1.00 0.14 0.08 0.06 | 0.33 0.27 0.86 0.35 0.57 0.21 0.28 0.34 0.47 0.51 0.55 0.46 |
ISFP_M_A       0.62 0.31 0.31 0.43 0.46 0.82 0.28 0.58 0.45 0.59 0.00 0.36 | 0.09 0.06 0.18 0.06 0.12 0.07 0.06 0.00 0.99 0.13 0.07 0.06 | 0.35 0.22 0.70 0.31 0.46 0.23 0.19 0.34 0.38 0.49 0.51 0.46 |
ISFP_F_A       0.57 0.33 0.40 0.44 0.51 0.78 0.33 0.56 0.50 0.56 0.00 0.32 | 0.08 0.07 0.21 0.06 0.14 0.06 0.07 0.00 1.00 0.12 0.06 0.05 | 0.31 0.23 0.79 0.33 0.51 0.19 0.24 0.32 0.43 0.46 0.50 0.43 |
ISFP_M_B       0.59 0.29 0.29 0.42 0.43 0.80 0.26 0.57 0.44 0.56 0.00 0.33 | 0.08 0.06 0.17 0.05 0.11 0.06 0.05 0.00 0.97 0.12 0.06 0.05 | 0.33 0.20 0.67 0.30 0.43 0.20 0.17 0.33 0.37 0.46 0.48 0.44 |
ISFP_F_B       0.56 0.30 0.36 0.43 0.48 0.77 0.31 0.55 0.48 0.54 0.00 0.30 | 0.07 0.06 0.20 0.06 0.13 0.05 0.06 0.00 1.00 0.12 0.05 0.04 | 0.29 0.21 0.74 0.31 0.48 0.18 0.22 0.31 0.41 0.44 0.47 0.41 |
ISFP_M_AB      0.58 0.28 0.27 0.41 0.42 0.78 0.26 0.56 0.43 0.54 0.00 0.32 | 0.08 0.06 0.17 0.05 0.11 0.06 0.05 0.00 0.96 0.12 0.05 0.04 | 0.31 0.18 0.66 0.29 0.42 0.19 0.16 0.32 0.36 0.44 0.46 0.42 |
ISFP_F_AB      0.54 0.29 0.33 0.42 0.46 0.76 0.29 0.54 0.46 0.52 0.00 0.29 | 0.07 0.06 0.19 0.05 0.12 0.05 0.06 0.00 1.00 0.11 0.05 0.04 | 0.28 0.20 0.72 0.30 0.46 0.17 0.20 0.30 0.39 0.42 0.45 0.39 |
ESFJ_M_O       0.72 0.33 0.30 0.47 0.46 0.93 0.28 0.70 0.45 0.76 0.01 0.38 | 0.12 0.07 0.18 0.07 0.12 0.10 0.06 0.00 0.99 0.18 0.07 0.06 | 0.46 0.24 0.69 0.36 0.46 0.34 0.19 0.46 0.38 0.66 0.52 0.49 |
ESFJ_F_O       0.62 0.33 0.37 0.49 0.51 0.84 0.32 0.64 0.50 0.62 0.00 0.34 | 0.09 0.07 0.20 0.08 0.14 0.07 0.07 0.00 1.00 0.14 0.06 0.05 | 0.36 0.24 0.76 0.38 0.51 0.24 0.23 0.40 0.43 0.52 0.49 0.45 |
ESFJ_M_A       0.66 0.30 0.27 0.44 0.43 0.88 0.26 0.65 0.44 0.68 0.00 0.34 | 0.11 0.06 0.17 0.06 0.11 0.09 0.05 0.00 0.97 0.16 0.05 0.05 | 0.40 0.21 0.66 0.33 0.43 0.29 0.17 0.41 0.37 0.58 0.48 0.45 |
ESFJ_F_A       0.59 0.30 0.32 0.46 0.47 0.81 0.30 0.61 0.47 0.57 0.00 0.31 | 0.08 0.06 0.19 0.07 0.13 0.06 0.06 0.00 1.00 0.13 0.05 0.04 | 0.32 0.21 0.71 0.34 0.47 0.21 0.20 0.37 0.40 0.47 0.46 0.42 |
ESFJ_M_B       0.63 0.28 0.25 0.43 0.41 0.85 0.25 0.62 0.42 0.63 0.00 0.32 | 0.10 0.06 0.16 0.06 0.11 0.08 0.05 0.00 0.96 0.14 0.05 0.05 | 0.36 0.19 0.64 0.31 0.41 0.25 0.16 0.38 0.36 0.53 0.45 0.42 |
ESFJ_F_B       0.57 0.28 0.30 0.44 0.44 0.79 0.28 0.59 0.45 0.55 0.00 0.30 | 0.08 0.06 0.18 0.06 0.12 0.06 0.06 0.00 0.99 0.12 0.04 0.04 | 0.30 0.19 0.68 0.33 0.44 0.19 0.19 0.35 0.38 0.45 0.44 0.40 |
ESFJ_M_AB      0.61 0.27 0.24 0.42 0.40 0.82 0.25 0.60 0.42 0.60 0.00 0.30 | 0.09 0.05 0.16 0.05 0.10 0.07 0.05 0.00 0.95 0.13 0.04 0.04 | 0.34 0.18 0.63 0.30 0.40 0.23 0.15 0.36 0.35 0.50 0.44 0.41 |
ESFJ_F_AB      0.56 0.27 0.28 0.43 0.43 0.78 0.27 0.57 0.44 0.53 0.00 0.28 | 0.07 0.05 0.17 0.06 0.11 0.05 0.05 0.00 0.98 0.11 0.04 0.04 | 0.29 0.18 0.66 0.31 0.43 0.18 0.18 0.33 0.37 0.43 0.42 0.39 |
INTP_M_O       0.66 0.34 0.26 0.48 0.44 0.91 0.34 0.65 0.51 0.60 0.00 0.38 | 0.11 0.07 0.17 0.07 0.12 0.10 0.07 0.00 1.00 0.13 0.06 0.06 | 0.40 0.25 0.65 0.37 0.44 0.32 0.25 0.41 0.44 0.50 0.50 0.49 |
INTP_F_O       0.60 0.36 0.30 0.50 0.47 0.87 0.41 0.63 0.58 0.53 0.00 0.34 | 0.09 0.08 0.18 0.08 0.13 0.08 0.10 0.00 1.00 0.11 0.05 0.05 | 0.33 0.27 0.69 0.39 0.47 0.27 0.32 0.39 0.51 0.43 0.46 0.45 |
INTP_M_A       0.62 0.31 0.24 0.45 0.41 0.86 0.31 0.61 0.48 0.56 0.00 0.34 | 0.09 0.06 0.16 0.06 0.11 0.08 0.06 0.00 1.00 0.12 0.05 0.05 | 0.35 0.22 0.63 0.34 0.41 0.27 0.22 0.38 0.41 0.46 0.46 0.45 |
INTP_F_A       0.57 0.33 0.27 0.47 0.44 0.83 0.36 0.60 0.53 0.51 0.00 0.31 | 0.08 0.07 0.17 0.07 0.12 0.07 0.08 0.00 1.00 0.11 0.04 0.04 | 0.31 0.23 0.66 0.35 0.44 0.23 0.27 0.36 0.46 0.41 0.43 0.42 |
INTP_M_B       0.59 0.29 0.23 0.43 0.40 0.83 0.29 0.59 0.46 0.54 0.00 0.32 | 0.08 0.06 0.16 0.06 0.10 0.07 0.06 0.00 1.00 0.12 0.04 0.05 | 0.33 0.20 0.61 0.32 0.40 0.24 0.20 0.35 0.39 0.44 0.44 0.42 |
INTP_F_B       0.56 0.30 0.25 0.45 0.42 0.80 0.33 0.58 0.50 0.49 0.00 0.30 | 0.07 0.06 0.16 0.06 0.11 0.06 0.07 0.00 1.00 0.10 0.04 0.04 | 0.29 0.21 0.64 0.33 0.42 0.21 0.24 0.34 0.43 0.39 0.42 0.40 |
INTP_M_AB      0.58 0.28 0.22 0.42 0.39 0.81 0.28 0.58 0.45 0.52 0.00 0.30 | 0.08 0.06 0.15 0.05 0.10 0.07 0.06 0.00 0.98 0.11 0.04 0.04 | 0.31 0.18 0.61 0.31 0.39 0.22 0.18 0.34 0.38 0.42 0.43 0.41 |
INTP_F_AB      0.54 0.29 0.24 0.43 0.41 0.79 0.31 0.57 0.48 0.49 0.00 0.28 | 0.07 0.06 0.16 0.06 0.11 0.06 0.07 0.00 1.00 0.10 0.03 0.04 | 0.28 0.20 0.63 0.32 0.41 0.20 0.22 0.33 0.41 0.39 0.41 0.39 |
ENTP_M_O       0.69 0.36 0.32 0.51 0.53 0.85 0.30 0.61 0.47 0.61 0.00 0.43 | 0.11 0.08 0.19 0.08 0.14 0.08 0.06 0.00 1.00 0.14 0.06 0.08 | 0.42 0.27 0.71 0.40 0.53 0.26 0.21 0.37 0.40 0.51 0.51 0.53 |
ENTP_F_O       0.62 0.38 0.39 0.54 0.58 0.81 0.37 0.58 0.54 0.55 0.00 0.40 | 0.09 0.09 0.21 0.09 0.16 0.06 0.08 0.00 1.00 0.12 0.06 0.07 | 0.35 0.29 0.78 0.42 0.58 0.21 0.28 0.34 0.47 0.45 0.48 0.50 |
ENTP_M_A       0.64 0.32 0.29 0.47 0.48 0.82 0.28 0.58 0.45 0.57 0.00 0.38 | 0.10 0.07 0.18 0.07 0.13 0.07 0.06 0.00 0.99 0.13 0.05 0.06 | 0.37 0.23 0.67 0.36 0.48 0.23 0.19 0.34 0.38 0.47 0.47 0.48 |
ENTP_F_A       0.58 0.34 0.34 0.49 0.52 0.78 0.33 0.56 0.50 0.52 0.00 0.36 | 0.08 0.07 0.19 0.08 0.14 0.06 0.07 0.00 1.00 0.11 0.05 0.06 | 0.32 0.24 0.73 0.38 0.52 0.19 0.24 0.32 0.43 0.42 0.45 0.46 |
ENTP_M_B       0.61 0.30 0.27 0.45 0.45 0.80 0.26 0.57 0.44 0.54 0.00 0.35 | 0.09 0.06 0.17 0.06 0.12 0.06 0.05 0.00 0.97 0.12 0.05 0.05 | 0.34 0.21 0.65 0.34 0.45 0.20 0.17 0.33 0.37 0.44 0.45 0.45 |
ENTP_F_B       0.57 0.31 0.31 0.47 0.49 0.77 0.31 0.55 0.48 0.51 0.00 0.33 | 0.08 0.07 0.18 0.07 0.13 0.05 0.06 0.00 1.00 0.11 0.04 0.05 | 0.30 0.22 0.69 0.35 0.49 0.18 0.22 0.31 0.41 0.41 0.43 0.43 |
ENTP_M_AB      0.59 0.29 0.25 0.44 0.43 0.78 0.26 0.56 0.43 0.53 0.00 0.33 | 0.08 0.06 0.16 0.06 0.11 0.06 0.05 0.00 0.96 0.11 0.04 0.05 | 0.32 0.19 0.64 0.32 0.43 0.19 0.16 0.32 0.36 0.43 0.43 0.43 |
ENTP_F_AB      0.55 0.30 0.29 0.45 0.46 0.76 0.29 0.54 0.46 0.50 0.00 0.31 | 0.07 0.06 0.17 0.06 0.12 0.05 0.06 0.00 1.00 0.10 0.04 0.04 | 0.29 0.20 0.67 0.34 0.46 0.17 0.20 0.30 0.39 0.40 0.42 0.42 |
INFJ_M_O       0.66 0.34 0.30 0.47 0.46 0.85 0.30 0.64 0.47 0.62 0.13 0.49 | 0.11 0.07 0.18 0.07 0.12 0.07 0.06 0.00 0.99 0.14 0.10 0.10 | 0.40 0.25 0.69 0.36 0.46 0.26 0.21 0.40 0.40 0.52 0.64 0.59 |
INFJ_F_O       0.60 0.36 0.37 0.49 0.51 0.81 0.37 0.61 0.54 0.56 0.05 0.40 | 0.09 0.08 0.20 0.08 0.14 0.06 0.08 0.00 1.00 0.12 0.08 0.07 | 0.33 0.27 0.76 0.38 0.51 0.21 0.28 0.38 0.47 0.46 0.56 0.51 |
INFJ_M_A       0.62 0.31 0.27 0.44 0.43 0.82 0.28 0.60 0.45 0.57 0.06 0.42 | 0.09 0.06 0.17 0.06 0.11 0.06 0.05 0.00 0.97 0.13 0.08 0.08 | 0.35 0.22 0.66 0.33 0.43 0.23 0.19 0.36 0.38 0.47 0.57 0.53 |
INFJ_F_A       0.57 0.33 0.32 0.46 0.47 0.78 0.33 0.59 0.50 0.53 0.00 0.36 | 0.08 0.07 0.19 0.07 0.13 0.05 0.07 0.00 1.00 0.11 0.06 0.06 | 0.31 0.23 0.71 0.34 0.47 0.19 0.24 0.35 0.43 0.43 0.51 0.46 |
INFJ_M_B       0.59 0.29 0.25 0.43 0.41 0.80 0.26 0.58 0.44 0.55 0.02 0.39 | 0.08 0.06 0.16 0.06 0.11 0.06 0.05 0.00 0.96 0.12 0.07 0.07 | 0.33 0.20 0.64 0.31 0.41 0.20 0.17 0.35 0.37 0.45 0.53 0.49 |
INFJ_F_B       0.56 0.30 0.30 0.44 0.44 0.77 0.31 0.57 0.48 0.51 0.00 0.33 | 0.07 0.06 0.18 0.06 0.12 0.05 0.06 0.00 1.00 0.11 0.05 0.05 | 0.29 0.21 0.68 0.33 0.44 0.18 0.22 0.33 0.41 0.41 0.48 0.44 |
INFJ_M_AB      0.58 0.28 0.24 0.42 0.40 0.78 0.26 0.57 0.43 0.53 0.00 0.36 | 0.08 0.06 0.16 0.05 0.10 0.05 0.05 0.00 0.96 0.11 0.06 0.06 | 0.31 0.18 0.63 0.30 0.40 0.19 0.16 0.33 0.36 0.43 0.50 0.46 |
INFJ_F_AB      0.54 0.29 0.28 0.43 0.43 0.76 0.29 0.56 0.46 0.50 0.00 0.31 | 0.07 0.06 0.17 0.06 0.11 0.05 0.06 0.00 0.99 0.11 0.05 0.04 | 0.28 0.20 0.66 0.31 0.43 0.17 0.20 0.32 0.39 0.40 0.46 0.42 |
ESTP_M_O       0.62 0.33 0.29 0.48 0.47 0.85 0.35 0.64 0.52 0.61 0.00 0.39 | 0.09 0.07 0.18 0.07 0.12 0.08 0.08 0.00 1.00 0.14 0.06 0.07 | 0.35 0.24 0.68 0.37 0.47 0.26 0.26 0.40 0.45 0.51 0.51 0.50 |
ESTP_F_O       0.57 0.42 0.36 0.51 0.51 0.81 0.49 0.61 0.66 0.55 0.00 0.35 | 0.08 0.10 0.20 0.08 0.14 0.06 0.12 0.00 1.00 0.12 0.06 0.06 | 0.30 0.32 0.74 0.39 0.51 0.21 0.40 0.38 0.59 0.45 0.48 0.46 |
ESTP_M_A       0.59 0.30 0.26 0.45 0.44 0.82 0.31 0.60 0.49 0.57 0.00 0.35 | 0.08 0.06 0.17 0.06 0.12 0.07 0.07 0.00 1.00 0.13 0.05 0.06 | 0.32 0.21 0.65 0.34 0.44 0.23 0.22 0.36 0.42 0.47 0.47 0.45 |
ESTP_F_A       0.55 0.36 0.31 0.47 0.47 0.78 0.42 0.59 0.59 0.52 0.00 0.32 | 0.07 0.08 0.18 0.07 0.13 0.06 0.10 0.00 1.00 0.11 0.05 0.05 | 0.28 0.27 0.70 0.36 0.47 0.19 0.33 0.35 0.52 0.42 0.45 0.43 |
ESTP_M_B       0.57 0.28 0.25 0.44 0.42 0.80 0.29 0.58 0.47 0.54 0.00 0.33 | 0.08 0.06 0.16 0.06 0.11 0.06 0.06 0.00 1.00 0.12 0.05 0.05 | 0.30 0.19 0.64 0.32 0.42 0.20 0.20 0.35 0.40 0.44 0.45 0.43 |
ESTP_F_B       0.54 0.33 0.29 0.45 0.45 0.77 0.38 0.57 0.55 0.51 0.00 0.30 | 0.07 0.07 0.17 0.06 0.12 0.05 0.09 0.00 1.00 0.11 0.04 0.04 | 0.27 0.24 0.67 0.33 0.45 0.18 0.29 0.33 0.48 0.41 0.43 0.41 |
ESTP_M_AB      0.55 0.27 0.24 0.42 0.40 0.78 0.28 0.57 0.45 0.53 0.00 0.31 | 0.07 0.05 0.16 0.05 0.11 0.06 0.06 0.00 0.99 0.11 0.04 0.04 | 0.29 0.18 0.62 0.31 0.40 0.19 0.19 0.33 0.38 0.43 0.43 0.41 |
ESTP_F_AB      0.53 0.31 0.27 0.43 0.43 0.76 0.35 0.56 0.52 0.50 0.00 0.29 | 0.07 0.07 0.17 0.06 0.11 0.05 0.08 0.00 1.00 0.10 0.04 0.04 | 0.26 0.22 0.66 0.32 0.43 0.17 0.26 0.32 0.45 0.40 0.42 0.39 |
ISTP_M_O       0.64 0.34 0.29 0.52 0.45 0.83 0.31 0.68 0.48 0.56 0.00 0.38 | 0.11 0.07 0.17 0.08 0.12 0.08 0.06 0.00 1.00 0.14 0.06 0.06 | 0.37 0.25 0.67 0.41 0.45 0.24 0.22 0.44 0.41 0.46 0.51 0.49 |
ISTP_F_O       0.59 0.36 0.35 0.55 0.50 0.80 0.38 0.69 0.55 0.53 0.00 0.34 | 0.09 0.08 0.19 0.09 0.13 0.07 0.09 0.00 1.00 0.12 0.06 0.05 | 0.32 0.27 0.74 0.44 0.50 0.21 0.29 0.45 0.48 0.43 0.48 0.45 |
ISTP_M_A       0.60 0.31 0.26 0.48 0.43 0.80 0.28 0.64 0.46 0.53 0.00 0.34 | 0.09 0.06 0.17 0.07 0.11 0.07 0.06 0.00 0.99 0.13 0.05 0.05 | 0.34 0.22 0.65 0.37 0.43 0.21 0.19 0.40 0.39 0.43 0.47 0.45 |
ISTP_F_A       0.56 0.33 0.31 0.50 0.46 0.78 0.34 0.64 0.51 0.51 0.00 0.31 | 0.08 0.07 0.18 0.08 0.12 0.06 0.07 0.00 1.00 0.11 0.05 0.04 | 0.30 0.23 0.69 0.39 0.46 0.19 0.25 0.40 0.44 0.41 0.45 0.42 |
ISTP_M_B       0.58 0.29 0.24 0.46 0.41 0.79 0.27 0.61 0.44 0.51 0.00 0.32 | 0.08 0.06 0.16 0.06 0.11 0.06 0.05 0.00 0.98 0.12 0.05 0.05 | 0.31 0.20 0.63 0.34 0.41 0.19 0.18 0.37 0.37 0.41 0.45 0.42 |
ISTP_F_B       0.55 0.30 0.28 0.48 0.44 0.77 0.31 0.62 0.48 0.49 0.00 0.30 | 0.07 0.06 0.17 0.07 0.11 0.05 0.07 0.00 1.00 0.11 0.04 0.04 | 0.28 0.21 0.67 0.36 0.44 0.17 0.22 0.38 0.42 0.39 0.43 0.40 |
ISTP_M_AB      0.56 0.28 0.23 0.44 0.40 0.77 0.26 0.59 0.43 0.50 0.00 0.30 | 0.08 0.06 0.16 0.06 0.10 0.06 0.05 0.00 0.97 0.11 0.04 0.04 | 0.30 0.18 0.62 0.33 0.40 0.18 0.17 0.36 0.36 0.40 0.43 0.41 |
ISTP_F_AB      0.54 0.29 0.26 0.46 0.42 0.76 0.30 0.60 0.47 0.49 0.00 0.28 | 0.07 0.06 0.17 0.06 0.11 0.05 0.06 0.00 1.00 0.10 0.04 0.04 | 0.27 0.20 0.65 0.34 0.42 0.17 0.20 0.36 0.40 0.39 0.42 0.39 |
ENFJ_M_O       0.73 0.40 0.33 0.47 0.48 0.85 0.30 0.64 0.47 0.63 0.00 0.36 | 0.13 0.09 0.19 0.07 0.13 0.08 0.06 0.00 1.00 0.14 0.06 0.06 | 0.46 0.31 0.72 0.36 0.48 0.26 0.21 0.40 0.40 0.53 0.50 0.46 |
ENFJ_F_O       0.65 0.41 0.42 0.49 0.54 0.81 0.37 0.61 0.54 0.58 0.00 0.33 | 0.10 0.09 0.22 0.08 0.15 0.06 0.08 0.00 1.00 0.13 0.06 0.05 | 0.38 0.32 0.81 0.38 0.54 0.21 0.28 0.38 0.47 0.48 0.50 0.43 |
ENFJ_M_A       0.67 0.35 0.29 0.44 0.44 0.82 0.28 0.60 0.45 0.58 0.00 0.33 | 0.11 0.08 0.18 0.06 0.12 0.07 0.06 0.00 0.99 0.13 0.05 0.05 | 0.40 0.26 0.68 0.33 0.44 0.23 0.19 0.36 0.38 0.48 0.47 0.43 |
ENFJ_F_A       0.61 0.36 0.36 0.46 0.49 0.78 0.33 0.59 0.50 0.55 0.00 0.30 | 0.09 0.08 0.20 0.07 0.13 0.06 0.07 0.00 1.00 0.12 0.05 0.04 | 0.34 0.27 0.75 0.34 0.49 0.19 0.24 0.35 0.43 0.45 0.46 0.41 |
ENFJ_M_B       0.63 0.32 0.27 0.43 0.42 0.80 0.26 0.58 0.44 0.55 0.00 0.31 | 0.10 0.07 0.17 0.06 0.11 0.06 0.05 0.00 0.97 0.12 0.04 0.04 | 0.37 0.23 0.66 0.31 0.42 0.20 0.17 0.35 0.37 0.45 0.44 0.41 |
ENFJ_F_B       0.59 0.33 0.33 0.44 0.46 0.77 0.31 0.57 0.48 0.53 0.00 0.29 | 0.08 0.07 0.19 0.06 0.12 0.05 0.06 0.00 1.00 0.11 0.04 0.04 | 0.32 0.24 0.71 0.33 0.46 0.18 0.22 0.33 0.41 0.43 0.44 0.39 |
ENFJ_M_AB      0.61 0.30 0.25 0.42 0.41 0.78 0.26 0.57 0.43 0.54 0.00 0.29 | 0.09 0.06 0.17 0.05 0.11 0.06 0.05 0.00 0.96 0.12 0.04 0.04 | 0.34 0.21 0.64 0.30 0.41 0.19 0.16 0.33 0.36 0.44 0.43 0.40 |
ENFJ_F_AB      0.57 0.31 0.30 0.43 0.44 0.76 0.29 0.56 0.46 0.51 0.00 0.28 | 0.08 0.07 0.18 0.06 0.12 0.05 0.06 0.00 1.00 0.11 0.04 0.03 | 0.30 0.22 0.69 0.31 0.44 0.17 0.20 0.32 0.39 0.41 0.43 0.38 |
INTJ_M_O       0.66 0.34 0.36 0.45 0.49 0.87 0.31 0.61 0.48 0.64 0.03 0.38 | 0.11 0.07 0.20 0.06 0.13 0.08 0.06 0.00 1.00 0.15 0.07 0.06 | 0.40 0.25 0.74 0.34 0.49 0.27 0.22 0.37 0.41 0.54 0.54 0.49 |
INTJ_F_O       0.60 0.36 0.47 0.47 0.57 0.82 0.38 0.58 0.55 0.61 0.02 0.34 | 0.09 0.08 0.23 0.07 0.16 0.07 0.09 0.00 1.00 0.14 0.07 0.05 | 0.33 0.27 0.86 0.35 0.57 0.22 0.29 0.34 0.48 0.51 0.53 0.45 |
INTJ_M_A       0.62 0.31 0.31 0.43 0.46 0.83 0.28 0.58 0.46 0.59 0.00 0.34 | 0.09 0.06 0.18 0.06 0.12 0.07 0.06 0.00 0.99 0.13 0.06 0.05 | 0.35 0.22 0.70 0.31 0.46 0.23 0.19 0.34 0.39 0.49 0.49 0.45 |
INTJ_F_A       0.57 0.33 0.40 0.44 0.51 0.79 0.34 0.56 0.51 0.56 0.00 0.31 | 0.08 0.07 0.21 0.06 0.14 0.06 0.07 0.00 1.00 0.12 0.06 0.04 | 0.31 0.23 0.79 0.33 0.51 0.20 0.25 0.32 0.44 0.46 0.49 0.42 |
INTJ_M_B       0.59 0.29 0.29 0.42 0.43 0.80 0.27 0.57 0.44 0.56 0.00 0.32 | 0.08 0.06 0.17 0.05 0.11 0.06 0.05 0.00 0.98 0.12 0.05 0.05 | 0.33 0.20 0.67 0.30 0.43 0.21 0.18 0.33 0.37 0.46 0.47 0.42 |
INTJ_F_B       0.56 0.30 0.36 0.43 0.48 0.78 0.31 0.55 0.48 0.54 0.00 0.30 | 0.07 0.06 0.20 0.06 0.13 0.05 0.07 0.00 1.00 0.12 0.05 0.04 | 0.29 0.21 0.74 0.31 0.48 0.18 0.22 0.31 0.42 0.44 0.46 0.40 |
INTJ_M_AB      0.58 0.28 0.27 0.41 0.42 0.79 0.26 0.56 0.43 0.54 0.00 0.30 | 0.08 0.06 0.17 0.05 0.11 0.06 0.05 0.00 0.97 0.12 0.05 0.04 | 0.31 0.18 0.66 0.29 0.42 0.20 0.17 0.32 0.36 0.44 0.45 0.41 |
INTJ_F_AB      0.54 0.29 0.33 0.42 0.46 0.77 0.30 0.54 0.47 0.52 0.00 0.28 | 0.07 0.06 0.19 0.05 0.12 0.05 0.06 0.00 1.00 0.11 0.04 0.04 | 0.28 0.20 0.72 0.30 0.46 0.17 0.20 0.30 0.40 0.42 0.44 0.39 |
ESFP_M_O       0.62 0.30 0.32 0.53 0.53 0.85 0.30 0.64 0.47 0.61 0.03 0.45 | 0.09 0.06 0.19 0.09 0.14 0.08 0.06 0.00 1.00 0.14 0.07 0.09 | 0.35 0.21 0.71 0.42 0.53 0.26 0.21 0.40 0.40 0.51 0.54 0.56 |
ESFP_F_O       0.57 0.34 0.39 0.56 0.58 0.81 0.37 0.61 0.54 0.55 0.00 0.41 | 0.08 0.07 0.21 0.10 0.16 0.06 0.08 0.00 1.00 0.12 0.06 0.07 | 0.30 0.24 0.78 0.45 0.58 0.21 0.28 0.38 0.47 0.45 0.49 0.51 |
ESFP_M_A       0.59 0.28 0.29 0.49 0.48 0.82 0.28 0.60 0.45 0.57 0.00 0.40 | 0.08 0.06 0.18 0.07 0.13 0.07 0.06 0.00 0.99 0.13 0.06 0.07 | 0.32 0.19 0.67 0.37 0.48 0.23 0.19 0.36 0.38 0.47 0.49 0.50 |
ESFP_F_A       0.55 0.30 0.34 0.51 0.52 0.78 0.33 0.59 0.50 0.52 0.00 0.36 | 0.07 0.06 0.19 0.08 0.14 0.06 0.07 0.00 1.00 0.11 0.05 0.06 | 0.28 0.21 0.73 0.40 0.52 0.19 0.24 0.35 0.43 0.42 0.46 0.47 |
ESFP_M_B       0.57 0.27 0.27 0.46 0.45 0.80 0.26 0.58 0.44 0.54 0.00 0.36 | 0.08 0.05 0.17 0.07 0.12 0.06 0.05 0.00 0.97 0.12 0.05 0.06 | 0.30 0.17 0.65 0.35 0.45 0.20 0.17 0.35 0.37 0.44 0.46 0.47 |
ESFP_F_B       0.54 0.29 0.31 0.48 0.49 0.77 0.31 0.57 0.48 0.51 0.00 0.34 | 0.07 0.06 0.18 0.07 0.13 0.05 0.06 0.00 1.00 0.11 0.04 0.05 | 0.27 0.19 0.69 0.37 0.49 0.18 0.22 0.33 0.41 0.41 0.44 0.44 |
ESFP_M_AB      0.55 0.26 0.25 0.45 0.43 0.78 0.26 0.57 0.43 0.53 0.00 0.34 | 0.07 0.05 0.16 0.06 0.11 0.06 0.05 0.00 0.96 0.11 0.05 0.05 | 0.29 0.16 0.64 0.33 0.43 0.19 0.16 0.33 0.36 0.43 0.45 0.44 |
ESFP_F_AB      0.53 0.27 0.29 0.46 0.46 0.76 0.29 0.56 0.46 0.50 0.00 0.32 | 0.07 0.05 0.17 0.07 0.12 0.05 0.06 0.00 1.00 0.10 0.04 0.05 | 0.26 0.18 0.67 0.35 0.46 0.17 0.20 0.32 0.39 0.40 0.42 0.42 |
ISTJ_M_O       0.72 0.35 0.29 0.47 0.45 0.93 0.31 0.70 0.48 0.75 0.00 0.38 | 0.12 0.08 0.17 0.07 0.12 0.09 0.06 0.00 1.00 0.18 0.06 0.06 | 0.46 0.25 0.67 0.36 0.45 0.34 0.22 0.46 0.41 0.65 0.51 0.49 |
ISTJ_F_O       0.62 0.38 0.35 0.49 0.50 0.84 0.40 0.64 0.57 0.61 0.00 0.34 | 0.09 0.09 0.19 0.08 0.13 0.07 0.09 0.00 1.00 0.14 0.06 0.05 | 0.36 0.29 0.74 0.38 0.50 0.24 0.30 0.40 0.50 0.51 0.48 0.45 |
ISTJ_M_A       0.66 0.31 0.26 0.44 0.43 0.88 0.29 0.65 0.46 0.67 0.00 0.34 | 0.11 0.07 0.17 0.06 0.11 0.08 0.05 0.00 0.98 0.16 0.05 0.05 | 0.40 0.22 0.65 0.33 0.43 0.29 0.19 0.41 0.39 0.57 0.47 0.45 |
ISTJ_F_A       0.59 0.34 0.31 0.46 0.46 0.81 0.35 0.61 0.52 0.57 0.00 0.31 | 0.08 0.07 0.18 0.07 0.12 0.06 0.07 0.00 1.00 0.12 0.05 0.04 | 0.32 0.25 0.69 0.34 0.46 0.21 0.26 0.37 0.45 0.47 0.45 0.42 |
ISTJ_M_B       0.63 0.29 0.24 0.43 0.41 0.85 0.27 0.62 0.44 0.63 0.00 0.32 | 0.10 0.06 0.16 0.06 0.11 0.07 0.05 0.00 0.97 0.14 0.05 0.05 | 0.36 0.20 0.63 0.31 0.41 0.25 0.18 0.38 0.37 0.53 0.45 0.42 |
ISTJ_F_B       0.57 0.31 0.28 0.44 0.44 0.79 0.32 0.59 0.49 0.54 0.00 0.30 | 0.08 0.07 0.17 0.06 0.11 0.05 0.07 0.00 1.00 0.12 0.04 0.04 | 0.30 0.22 0.67 0.33 0.44 0.19 0.23 0.35 0.42 0.44 0.43 0.40 |
ISTJ_M_AB      0.61 0.28 0.23 0.42 0.40 0.82 0.26 0.60 0.43 0.60 0.00 0.30 | 0.09 0.06 0.16 0.05 0.10 0.07 0.05 0.00 0.96 0.13 0.04 0.04 | 0.34 0.19 0.62 0.30 0.40 0.23 0.17 0.36 0.36 0.50 0.43 0.41 |
ISTJ_F_AB      0.56 0.30 0.26 0.43 0.42 0.78 0.30 0.57 0.48 0.52 0.00 0.28 | 0.07 0.06 0.17 0.06 0.11 0.05 0.06 0.00 1.00 0.11 0.04 0.04 | 0.29 0.20 0.65 0.31 0.42 0.18 0.21 0.33 0.41 0.42 0.42 0.39 |
ESTJ_M_O       0.67 0.37 0.29 0.47 0.45 0.87 0.35 0.65 0.52 0.64 0.00 0.38 | 0.11 0.08 0.17 0.07 0.12 0.08 0.07 0.00 1.00 0.15 0.06 0.06 | 0.41 0.28 0.67 0.36 0.45 0.28 0.26 0.41 0.45 0.54 0.51 0.49 |
ESTJ_F_O       0.60 0.44 0.35 0.49 0.50 0.81 0.49 0.62 0.66 0.56 0.00 0.34 | 0.09 0.11 0.19 0.08 0.13 0.06 0.12 0.00 1.00 0.12 0.06 0.05 | 0.34 0.35 0.74 0.38 0.50 0.22 0.40 0.38 0.59 0.46 0.48 0.45 |
ESTJ_M_A       0.63 0.33 0.26 0.44 0.43 0.83 0.31 0.61 0.49 0.59 0.00 0.34 | 0.10 0.07 0.17 0.06 0.11 0.07 0.06 0.00 1.00 0.13 0.05 0.05 | 0.36 0.24 0.65 0.33 0.43 0.24 0.22 0.37 0.42 0.49 0.47 0.45 |
ESTJ_F_A       0.58 0.39 0.31 0.46 0.46 0.79 0.42 0.59 0.59 0.53 0.00 0.31 | 0.08 0.09 0.18 0.07 0.12 0.05 0.10 0.00 1.00 0.11 0.05 0.04 | 0.31 0.29 0.69 0.34 0.46 0.19 0.33 0.35 0.52 0.43 0.45 0.42 |
ESTJ_M_B       0.60 0.31 0.24 0.43 0.41 0.81 0.29 0.59 0.47 0.56 0.00 0.32 | 0.09 0.06 0.16 0.06 0.11 0.06 0.06 0.00 0.99 0.12 0.05 0.05 | 0.34 0.22 0.63 0.31 0.41 0.21 0.20 0.35 0.40 0.46 0.45 0.42 |
ESTJ_F_B       0.56 0.35 0.28 0.44 0.44 0.77 0.38 0.57 0.55 0.51 0.00 0.30 | 0.07 0.08 0.17 0.06 0.11 0.05 0.08 0.00 1.00 0.11 0.04 0.04 | 0.29 0.26 0.67 0.33 0.44 0.18 0.29 0.33 0.48 0.41 0.43 0.40 |
ESTJ_M_AB      0.58 0.29 0.23 0.42 0.40 0.79 0.28 0.58 0.45 0.54 0.00 0.30 | 0.08 0.06 0.16 0.05 0.10 0.06 0.05 0.00 0.98 0.12 0.04 0.04 | 0.32 0.20 0.62 0.30 0.40 0.20 0.19 0.34 0.38 0.44 0.43 0.41 |
ESTJ_F_AB      0.55 0.33 0.26 0.43 0.42 0.76 0.35 0.56 0.52 0.50 0.00 0.28 | 0.07 0.07 0.17 0.06 0.11 0.05 0.08 0.00 1.00 0.11 0.04 0.04 | 0.28 0.24 0.65 0.31 0.42 0.17 0.26 0.32 0.45 0.40 0.42 0.39 |
INFP_M_O       0.66 0.34 0.36 0.45 0.49 0.85 0.30 0.61 0.47 0.64 0.06 0.40 | 0.11 0.07 0.20 0.06 0.13 0.08 0.06 0.00 1.00 0.15 0.08 0.07 | 0.40 0.25 0.74 0.34 0.49 0.26 0.21 0.37 0.40 0.54 0.57 0.51 |
INFP_F_O       0.60 0.36 0.47 0.47 0.57 0.81 0.37 0.58 0.54 0.61 0.04 0.35 | 0.09 0.08 0.23 0.07 0.16 0.06 0.08 0.00 1.00 0.14 0.08 0.06 | 0.33 0.27 0.86 0.35 0.57 0.21 0.28 0.34 0.47 0.51 0.55 0.46 |
INFP_M_A       0.62 0.31 0.31 0.43 0.46 0.82 0.28 0.58 0.45 0.59 0.00 0.36 | 0.09 0.06 0.18 0.06 0.12 0.07 0.06 0.00 0.99 0.13 0.07 0.06 | 0.35 0.22 0.70 0.31 0.46 0.23 0.19 0.34 0.38 0.49 0.51 0.46 |
INFP_F_A       0.57 0.33 0.40 0.44 0.51 0.78 0.33 0.56 0.50 0.56 0.00 0.32 | 0.08 0.07 0.21 0.06 0.14 0.06 0.07 0.00 1.00 0.12 0.06 0.05 | 0.31 0.23 0.79 0.33 0.51 0.19 0.24 0.32 0.43 0.46 0.50 0.43 |
INFP_M_B       0.59 0.29 0.29 0.42 0.43 0.80 0.26 0.57 0.44 0.56 0.00 0.33 | 0.08 0.06 0.17 0.05 0.11 0.06 0.05 0.00 0.97 0.12 0.06 0.05 | 0.33 0.20 0.67 0.30 0.43 0.20 0.17 0.33 0.37 0.46 0.48 0.44 |
INFP_F_B       0.56 0.30 0.36 0.43 0.48 0.77 0.31 0.55 0.48 0.54 0.00 0.30 | 0.07 0.06 0.20 0.06 0.13 0.05 0.06 0.00 1.00 0.12 0.05 0.04 | 0.29 0.21 0.74 0.31 0.48 0.18 0.22 0.31 0.41 0.44 0.47 0.41 |
INFP_M_AB      0.58 0.28 0.27 0.41 0.42 0.78 0.26 0.56 0.43 0.54 0.00 0.32 | 0.08 0.06 0.17 0.05 0.11 0.06 0.05 0.00 0.96 0.12 0.05 0.04 | 0.31 0.18 0.66 0.29 0.42 0.19 0.16 0.32 0.36 0.44 0.46 0.42 |
INFP_F_AB      0.54 0.29 0.33 0.42 0.46 0.76 0.29 0.54 0.46 0.52 0.00 0.29 | 0.07 0.06 0.19 0.05 0.12 0.05 0.06 0.00 1.00 0.11 0.05 0.04 | 0.28 0.20 0.72 0.30 0.46 0.17 0.20 0.30 0.39 0.42 0.45 0.39 |
ISFJ_M_O       0.66 0.37 0.26 0.47 0.44 0.85 0.35 0.64 0.52 0.60 0.01 0.40 | 0.11 0.08 0.17 0.07 0.12 0.08 0.08 0.00 1.00 0.13 0.07 0.07 | 0.40 0.28 0.65 0.36 0.44 0.26 0.26 0.40 0.45 0.50 0.52 0.51 |
ISFJ_F_O       0.60 0.44 0.30 0.49 0.47 0.81 0.49 0.61 0.66 0.53 0.00 0.35 | 0.09 0.11 0.18 0.08 0.13 0.06 0.12 0.00 1.00 0.11 0.05 0.06 | 0.33 0.35 0.69 0.38 0.47 0.21 0.40 0.38 0.59 0.43 0.47 0.46 |
ISFJ_M_A       0.62 0.33 0.24 0.44 0.41 0.82 0.31 0.60 0.49 0.56 0.00 0.36 | 0.09 0.07 0.16 0.06 0.11 0.07 0.07 0.00 1.00 0.12 0.06 0.06 | 0.35 0.24 0.63 0.33 0.41 0.23 0.22 0.36 0.42 0.46 0.48 0.46 |
ISFJ_F_A       0.57 0.39 0.27 0.46 0.44 0.78 0.42 0.59 0.59 0.51 0.00 0.32 | 0.08 0.09 0.17 0.07 0.12 0.06 0.10 0.00 1.00 0.11 0.04 0.05 | 0.31 0.29 0.66 0.34 0.44 0.19 0.33 0.35 0.52 0.41 0.44 0.43 |
ISFJ_M_B       0.59 0.31 0.23 0.43 0.40 0.80 0.29 0.58 0.47 0.54 0.00 0.33 | 0.08 0.06 0.16 0.06 0.10 0.06 0.06 0.00 1.00 0.12 0.05 0.05 | 0.33 0.22 0.61 0.31 0.40 0.20 0.20 0.35 0.40 0.44 0.46 0.44 |
ISFJ_F_B       0.56 0.35 0.25 0.44 0.42 0.77 0.38 0.57 0.55 0.49 0.00 0.30 | 0.07 0.08 0.16 0.06 0.11 0.05 0.09 0.00 1.00 0.10 0.04 0.04 | 0.29 0.26 0.64 0.33 0.42 0.18 0.29 0.33 0.48 0.39 0.42 0.41 |
ISFJ_M_AB      0.58 0.29 0.22 0.42 0.39 0.78 0.28 0.57 0.45 0.52 0.00 0.32 | 0.08 0.06 0.15 0.05 0.10 0.06 0.06 0.00 0.99 0.11 0.04 0.04 | 0.31 0.20 0.61 0.30 0.39 0.19 0.19 0.33 0.38 0.42 0.44 0.42 |
ISFJ_F_AB      0.54 0.33 0.24 0.43 0.41 0.76 0.35 0.56 0.52 0.49 0.00 0.29 | 0.07 0.07 0.16 0.06 0.11 0.05 0.08 0.00 1.00 0.10 0.04 0.04 | 0.28 0.24 0.63 0.31 0.41 0.17 0.26 0.32 0.45 0.39 0.41 0.39 |
ENTJ_M_O       0.72 0.33 0.29 0.47 0.45 0.93 0.28 0.70 0.45 0.75 0.03 0.40 | 0.12 0.07 0.17 0.07 0.12 0.10 0.06 0.00 0.99 0.18 0.07 0.07 | 0.46 0.24 0.67 0.36 0.45 0.34 0.19 0.46 0.38 0.65 0.54 0.51 |
ENTJ_F_O       0.62 0.33 0.35 0.49 0.50 0.84 0.32 0.64 0.50 0.61 0.00 0.35 | 0.09 0.07 0.19 0.08 0.13 0.07 0.07 0.00 1.00 0.14 0.06 0.06 | 0.36 0.24 0.74 0.38 0.50 0.24 0.23 0.40 0.43 0.51 0.49 0.46 |
ENTJ_M_A       0.66 0.30 0.26 0.44 0.43 0.88 0.26 0.65 0.44 0.67 0.00 0.36 | 0.11 0.06 0.17 0.06 0.11 0.09 0.05 0.00 0.97 0.16 0.06 0.06 | 0.40 0.21 0.65 0.33 0.43 0.29 0.17 0.41 0.37 0.57 0.49 0.46 |
ENTJ_F_A       0.59 0.30 0.31 0.46 0.46 0.81 0.30 0.61 0.47 0.57 0.00 0.32 | 0.08 0.06 0.18 0.07 0.12 0.06 0.06 0.00 1.00 0.12 0.05 0.05 | 0.32 0.21 0.69 0.34 0.46 0.21 0.20 0.37 0.40 0.47 0.46 0.43 |
ENTJ_M_B       0.63 0.28 0.24 0.43 0.41 0.85 0.25 0.62 0.42 0.63 0.00 0.33 | 0.10 0.06 0.16 0.06 0.11 0.08 0.05 0.00 0.96 0.14 0.05 0.05 | 0.36 0.19 0.63 0.31 0.41 0.25 0.16 0.38 0.36 0.53 0.46 0.44 |
ENTJ_F_B       0.57 0.28 0.28 0.44 0.44 0.79 0.28 0.59 0.45 0.54 0.00 0.30 | 0.08 0.06 0.17 0.06 0.11 0.06 0.06 0.00 0.99 0.12 0.04 0.04 | 0.30 0.19 0.67 0.33 0.44 0.19 0.19 0.35 0.38 0.44 0.44 0.41 |
ENTJ_M_AB      0.61 0.27 0.23 0.42 0.40 0.82 0.25 0.60 0.42 0.60 0.00 0.32 | 0.09 0.05 0.16 0.05 0.10 0.07 0.05 0.00 0.95 0.13 0.05 0.04 | 0.34 0.18 0.62 0.30 0.40 0.23 0.15 0.36 0.35 0.50 0.45 0.42 |
ENTJ_F_AB      0.56 0.27 0.26 0.43 0.42 0.78 0.27 0.57 0.44 0.52 0.00 0.29 | 0.07 0.05 0.17 0.06 0.11 0.05 0.05 0.00 0.98 0.11 0.04 0.04 | 0.29 0.18 0.65 0.31 0.42 0.18 0.18 0.33 0.37 0.42 0.42 0.39 |

====================================================================================================================================================================================
CONTINUOUS SWEEP: ENTP_M_O_LayerA, all 12 particles, 0.15h steps (0.01h resolution available)
====================================================================================================================================================================================
Time      |   proton |    gluon |     muon | electron |    quark |    higgs |  w_boson |  z_boson | neutrino |      tau |   photon |       em
------------------------------------------------------------------------------------------------------------------------------------------------------------------------------------
    0.00 |     0.37 |     0.27 |     0.32 |     0.40 |     0.30 |     0.26 |     0.21 |     0.33 |     0.15 |     0.29 |     0.39 |     0.43
    0.15 |     0.37 |     0.30 |     0.34 |     0.38 |     0.31 |     0.26 |     0.25 |     0.30 |     0.18 |     0.30 |     0.36 |     0.41
    0.30 |     0.39 |     0.36 |     0.35 |     0.35 |     0.32 |     0.26 |     0.28 |     0.27 |     0.20 |     0.31 |     0.32 |     0.37
    0.45 |     0.43 |     0.42 |     0.37 |     0.33 |     0.33 |     0.26 |     0.32 |     0.24 |     0.23 |     0.32 |     0.29 |     0.34
    0.60 |     0.45 |     0.48 |     0.39 |     0.30 |     0.34 |     0.26 |     0.35 |     0.20 |     0.26 |     0.33 |     0.25 |     0.30
    0.75 |     0.46 |     0.51 |     0.40 |     0.27 |     0.35 |     0.26 |     0.38 |     0.16 |     0.29 |     0.34 |     0.22 |     0.26
    0.90 |     0.45 |     0.53 |     0.42 |     0.27 |     0.36 |     0.26 |     0.40 |     0.16 |     0.31 |     0.35 |     0.22 |     0.26
    1.05 |     0.43 |     0.52 |     0.44 |     0.27 |     0.37 |     0.26 |     0.42 |     0.16 |     0.34 |     0.36 |     0.22 |     0.26
    1.20 |     0.39 |     0.51 |     0.45 |     0.27 |     0.38 |     0.26 |     0.44 |     0.16 |     0.36 |     0.36 |     0.22 |     0.26
    1.35 |     0.37 |     0.50 |     0.47 |     0.27 |     0.39 |     0.26 |     0.45 |     0.16 |     0.38 |     0.37 |     0.22 |     0.26
    1.50 |     0.37 |     0.51 |     0.48 |     0.27 |     0.40 |     0.26 |     0.45 |     0.16 |     0.40 |     0.38 |     0.22 |     0.26
    1.65 |     0.37 |     0.50 |     0.50 |     0.27 |     0.41 |     0.26 |     0.45 |     0.16 |     0.42 |     0.39 |     0.22 |     0.26
    1.80 |     0.37 |     0.50 |     0.54 |     0.27 |     0.43 |     0.26 |     0.44 |     0.16 |     0.44 |     0.41 |     0.23 |     0.26
    1.95 |     0.37 |     0.48 |     0.57 |     0.27 |     0.45 |     0.26 |     0.42 |     0.16 |     0.45 |     0.43 |     0.24 |     0.26
    2.10 |     0.35 |     0.43 |     0.56 |     0.25 |     0.43 |     0.24 |     0.37 |     0.12 |     0.52 |     0.41 |     0.23 |     0.25
    2.25 |     0.31 |     0.36 |     0.52 |     0.22 |     0.39 |     0.21 |     0.31 |     0.07 |     0.61 |     0.37 |     0.20 |     0.22
    2.40 |     0.27 |     0.29 |     0.46 |     0.19 |     0.35 |     0.19 |     0.25 |     0.03 |     0.69 |     0.33 |     0.18 |     0.19
    2.55 |     0.23 |     0.23 |     0.39 |     0.17 |     0.29 |     0.16 |     0.19 |     0.00 |     0.77 |     0.28 |     0.14 |     0.16
    2.70 |     0.19 |     0.17 |     0.32 |     0.14 |     0.24 |     0.13 |     0.14 |     0.00 |     0.85 |     0.23 |     0.12 |     0.13
    2.85 |     0.15 |     0.12 |     0.25 |     0.11 |     0.19 |     0.11 |     0.10 |     0.00 |     0.93 |     0.18 |     0.09 |     0.11
    3.00 |     0.11 |     0.08 |     0.19 |     0.08 |     0.14 |     0.08 |     0.06 |     0.00 |     1.00 |     0.14 |     0.06 |     0.08
    3.15 |     0.15 |     0.11 |     0.26 |     0.11 |     0.19 |     0.11 |     0.08 |     0.00 |     0.93 |     0.19 |     0.09 |     0.11
    3.30 |     0.20 |     0.14 |     0.33 |     0.14 |     0.25 |     0.15 |     0.11 |     0.00 |     0.85 |     0.27 |     0.11 |     0.13
    3.45 |     0.25 |     0.16 |     0.40 |     0.17 |     0.30 |     0.19 |     0.13 |     0.02 |     0.77 |     0.35 |     0.13 |     0.16
    3.60 |     0.31 |     0.19 |     0.48 |     0.19 |     0.36 |     0.24 |     0.15 |     0.07 |     0.69 |     0.44 |     0.16 |     0.19
    3.75 |     0.36 |     0.22 |     0.55 |     0.22 |     0.42 |     0.28 |     0.17 |     0.12 |     0.61 |     0.52 |     0.18 |     0.22
    3.90 |     0.40 |     0.25 |     0.63 |     0.28 |     0.47 |     0.31 |     0.19 |     0.21 |     0.52 |     0.58 |     0.24 |     0.28
    4.05 |     0.38 |     0.27 |     0.69 |     0.33 |     0.51 |     0.31 |     0.21 |     0.25 |     0.45 |     0.59 |     0.19 |     0.26
    4.20 |     0.39 |     0.27 |     0.70 |     0.35 |     0.52 |     0.29 |     0.21 |     0.28 |     0.44 |     0.55 |     0.30 |     0.35
    4.35 |     0.40 |     0.27 |     0.70 |     0.38 |     0.52 |     0.27 |     0.21 |     0.32 |     0.42 |     0.52 |     0.41 |     0.45
    4.50 |     0.42 |     0.27 |     0.71 |     0.40 |     0.53 |     0.26 |     0.21 |     0.37 |     0.40 |     0.51 |     0.51 |     0.53
    4.65 |     0.45 |     0.27 |     0.72 |     0.42 |     0.53 |     0.27 |     0.21 |     0.42 |     0.39 |     0.52 |     0.61 |     0.62
    4.80 |     0.47 |     0.27 |     0.72 |     0.43 |     0.53 |     0.28 |     0.22 |     0.46 |     0.37 |     0.52 |     0.70 |     0.70
    4.95 |     0.50 |     0.27 |     0.73 |     0.44 |     0.53 |     0.30 |     0.23 |     0.50 |     0.36 |     0.52 |     0.79 |     0.77
    5.10 |     0.53 |     0.27 |     0.73 |     0.45 |     0.54 |     0.31 |     0.24 |     0.53 |     0.35 |     0.52 |     0.88 |     0.84
    5.25 |     0.55 |     0.27 |     0.73 |     0.45 |     0.54 |     0.32 |     0.25 |     0.55 |     0.33 |     0.53 |     0.96 |     0.90
    5.40 |     0.53 |     0.27 |     0.74 |     0.45 |     0.54 |     0.31 |     0.24 |     0.53 |     0.30 |     0.53 |     0.88 |     0.84
    5.55 |     0.50 |     0.27 |     0.74 |     0.44 |     0.54 |     0.30 |     0.23 |     0.50 |     0.26 |     0.53 |     0.79 |     0.77
    5.70 |     0.47 |     0.27 |     0.74 |     0.43 |     0.54 |     0.28 |     0.22 |     0.46 |     0.22 |     0.53 |     0.70 |     0.70
    5.85 |     0.45 |     0.27 |     0.74 |     0.42 |     0.54 |     0.27 |     0.21 |     0.42 |     0.18 |     0.53 |     0.61 |     0.62
    6.00 |     0.42 |     0.27 |     0.74 |     0.40 |     0.54 |     0.26 |     0.21 |     0.37 |     0.15 |     0.53 |     0.51 |     0.53
    6.15 |     0.39 |     0.31 |     0.74 |     0.39 |     0.54 |     0.26 |     0.25 |     0.30 |     0.16 |     0.53 |     0.37 |     0.41
    6.30 |     0.41 |     0.36 |     0.74 |     0.38 |     0.54 |     0.26 |     0.30 |     0.27 |     0.16 |     0.53 |     0.35 |     0.37
    6.45 |     0.42 |     0.40 |     0.74 |     0.36 |     0.54 |     0.26 |     0.35 |     0.24 |     0.17 |     0.53 |     0.33 |     0.34
    6.60 |     0.44 |     0.45 |     0.74 |     0.35 |     0.54 |     0.26 |     0.39 |     0.20 |     0.18 |     0.53 |     0.30 |     0.30
    6.75 |     0.46 |     0.48 |     0.73 |     0.33 |     0.54 |     0.26 |     0.42 |     0.16 |     0.18 |     0.53 |     0.27 |     0.26
    6.90 |     0.47 |     0.52 |     0.73 |     0.34 |     0.54 |     0.26 |     0.46 |     0.16 |     0.19 |     0.52 |     0.29 |     0.26
    7.05 |     0.49 |     0.55 |     0.73 |     0.35 |     0.53 |     0.26 |     0.49 |     0.16 |     0.20 |     0.52 |     0.30 |     0.26
    7.20 |     0.50 |     0.57 |     0.72 |     0.36 |     0.53 |     0.26 |     0.51 |     0.16 |     0.20 |     0.52 |     0.31 |     0.26
    7.35 |     0.52 |     0.59 |     0.72 |     0.37 |     0.53 |     0.26 |     0.53 |     0.16 |     0.21 |     0.52 |     0.32 |     0.26
    7.50 |     0.54 |     0.60 |     0.71 |     0.38 |     0.53 |     0.26 |     0.54 |     0.16 |     0.22 |     0.51 |     0.33 |     0.26
    7.65 |     0.55 |     0.60 |     0.70 |     0.40 |     0.52 |     0.26 |     0.55 |     0.16 |     0.22 |     0.51 |     0.35 |     0.27
    7.80 |     0.57 |     0.60 |     0.70 |     0.41 |     0.52 |     0.26 |     0.55 |     0.16 |     0.23 |     0.50 |     0.40 |     0.30
    7.95 |     0.58 |     0.60 |     0.69 |     0.42 |     0.51 |     0.26 |     0.54 |     0.16 |     0.24 |     0.50 |     0.45 |     0.33
    8.10 |     0.59 |     0.59 |     0.68 |     0.43 |     0.51 |     0.26 |     0.53 |     0.16 |     0.24 |     0.49 |     0.49 |     0.36
    8.25 |     0.61 |     0.57 |     0.67 |     0.44 |     0.50 |     0.26 |     0.51 |     0.16 |     0.25 |     0.49 |     0.51 |     0.37
    8.40 |     0.62 |     0.55 |     0.66 |     0.45 |     0.50 |     0.26 |     0.49 |     0.16 |     0.25 |     0.48 |     0.51 |     0.36
    8.55 |     0.63 |     0.52 |     0.65 |     0.46 |     0.49 |     0.26 |     0.47 |     0.16 |     0.26 |     0.48 |     0.48 |     0.33
    8.70 |     0.65 |     0.50 |     0.64 |     0.46 |     0.49 |     0.26 |     0.44 |     0.16 |     0.26 |     0.47 |     0.45 |     0.30
    8.85 |     0.66 |     0.47 |     0.63 |     0.47 |     0.48 |     0.26 |     0.41 |     0.16 |     0.27 |     0.47 |     0.43 |     0.27
    9.00 |     0.67 |     0.44 |     0.62 |     0.48 |     0.47 |     0.26 |     0.38 |     0.16 |     0.28 |     0.46 |     0.43 |     0.26
    9.15 |     0.68 |     0.45 |     0.61 |     0.49 |     0.47 |     0.26 |     0.39 |     0.16 |     0.28 |     0.45 |     0.44 |     0.26
    9.30 |     0.69 |     0.46 |     0.59 |     0.50 |     0.46 |     0.26 |     0.41 |     0.16 |     0.30 |     0.45 |     0.44 |     0.26
    9.45 |     0.70 |     0.48 |     0.58 |     0.51 |     0.45 |     0.26 |     0.43 |     0.16 |     0.32 |     0.44 |     0.45 |     0.26
    9.60 |     0.71 |     0.49 |     0.57 |     0.51 |     0.45 |     0.26 |     0.45 |     0.16 |     0.34 |     0.43 |     0.46 |     0.26
    9.75 |     0.72 |     0.50 |     0.56 |     0.52 |     0.44 |     0.26 |     0.46 |     0.16 |     0.35 |     0.42 |     0.47 |     0.26
    9.90 |     0.73 |     0.50 |     0.54 |     0.55 |     0.43 |     0.26 |     0.46 |     0.20 |     0.34 |     0.42 |     0.51 |     0.30
   10.05 |     0.74 |     0.50 |     0.53 |     0.59 |     0.42 |     0.26 |     0.45 |     0.24 |     0.34 |     0.41 |     0.55 |     0.34
   10.20 |     0.75 |     0.49 |     0.51 |     0.62 |     0.41 |     0.26 |     0.44 |     0.27 |     0.32 |     0.40 |     0.59 |     0.37
   10.35 |     0.76 |     0.49 |     0.50 |     0.65 |     0.40 |     0.26 |     0.43 |     0.30 |     0.32 |     0.39 |     0.63 |     0.41
   10.50 |     0.76 |     0.49 |     0.48 |     0.69 |     0.40 |     0.26 |     0.43 |     0.36 |     0.31 |     0.38 |     0.66 |     0.43
   10.65 |     0.77 |     0.49 |     0.47 |     0.72 |     0.39 |     0.26 |     0.43 |     0.39 |     0.32 |     0.37 |     0.69 |     0.46
   10.80 |     0.77 |     0.50 |     0.45 |     0.75 |     0.38 |     0.26 |     0.44 |     0.43 |     0.32 |     0.36 |     0.72 |     0.48
   10.95 |     0.78 |     0.50 |     0.44 |     0.78 |     0.37 |     0.26 |     0.44 |     0.46 |     0.32 |     0.36 |     0.73 |     0.49
   11.10 |     0.78 |     0.50 |     0.42 |     0.80 |     0.36 |     0.26 |     0.44 |     0.49 |     0.32 |     0.35 |     0.74 |     0.50
   11.25 |     0.79 |     0.50 |     0.40 |     0.81 |     0.35 |     0.26 |     0.44 |     0.50 |     0.32 |     0.34 |     0.75 |     0.50
   11.40 |     0.79 |     0.50 |     0.39 |     0.81 |     0.34 |     0.26 |     0.45 |     0.49 |     0.33 |     0.33 |     0.75 |     0.50
   11.55 |     0.79 |     0.51 |     0.37 |     0.79 |     0.33 |     0.26 |     0.45 |     0.46 |     0.33 |     0.32 |     0.74 |     0.49
   11.70 |     0.79 |     0.51 |     0.35 |     0.77 |     0.32 |     0.26 |     0.45 |     0.43 |     0.33 |     0.31 |     0.73 |     0.48
   11.85 |     0.79 |     0.51 |     0.34 |     0.74 |     0.31 |     0.26 |     0.45 |     0.39 |     0.33 |     0.30 |     0.71 |     0.46
   12.00 |     0.79 |     0.51 |     0.32 |     0.70 |     0.30 |     0.26 |     0.45 |     0.33 |     0.33 |     0.29 |     0.69 |     0.43
   12.15 |     0.79 |     0.54 |     0.32 |     0.68 |     0.31 |     0.28 |     0.49 |     0.31 |     0.36 |     0.30 |     0.66 |     0.42
   12.30 |     0.81 |     0.59 |     0.32 |     0.65 |     0.32 |     0.30 |     0.52 |     0.29 |     0.38 |     0.31 |     0.62 |     0.40
   12.45 |     0.84 |     0.66 |     0.32 |     0.62 |     0.33 |     0.32 |     0.56 |     0.27 |     0.41 |     0.32 |     0.59 |     0.37
   12.60 |     0.87 |     0.71 |     0.32 |     0.59 |     0.34 |     0.34 |     0.59 |     0.25 |     0.44 |     0.33 |     0.55 |     0.35
   12.75 |     0.88 |     0.75 |     0.32 |     0.56 |     0.35 |     0.35 |     0.61 |     0.22 |     0.46 |     0.34 |     0.51 |     0.32
   12.90 |     0.86 |     0.76 |     0.32 |     0.56 |     0.36 |     0.37 |     0.64 |     0.23 |     0.49 |     0.35 |     0.51 |     0.33
   13.05 |     0.83 |     0.76 |     0.32 |     0.56 |     0.37 |     0.39 |     0.65 |     0.24 |     0.51 |     0.36 |     0.50 |     0.35
   13.20 |     0.79 |     0.74 |     0.32 |     0.56 |     0.38 |     0.41 |     0.66 |     0.25 |     0.53 |     0.36 |     0.50 |     0.36
   13.35 |     0.77 |     0.73 |     0.32 |     0.55 |     0.39 |     0.43 |     0.67 |     0.27 |     0.55 |     0.37 |     0.50 |     0.37
   13.50 |     0.76 |     0.73 |     0.32 |     0.55 |     0.40 |     0.44 |     0.67 |     0.28 |     0.57 |     0.38 |     0.49 |     0.38
   13.65 |     0.76 |     0.72 |     0.33 |     0.54 |     0.41 |     0.46 |     0.66 |     0.29 |     0.59 |     0.39 |     0.49 |     0.39
   13.80 |     0.75 |     0.71 |     0.35 |     0.54 |     0.43 |     0.48 |     0.65 |     0.30 |     0.60 |     0.41 |     0.49 |     0.40
   13.95 |     0.74 |     0.69 |     0.37 |     0.53 |     0.45 |     0.49 |     0.63 |     0.31 |     0.61 |     0.43 |     0.50 |     0.41
   14.10 |     0.73 |     0.67 |     0.39 |     0.53 |     0.47 |     0.51 |     0.61 |     0.32 |     0.62 |     0.44 |     0.50 |     0.42
   14.25 |     0.72 |     0.64 |     0.39 |     0.52 |     0.48 |     0.53 |     0.58 |     0.33 |     0.63 |     0.45 |     0.50 |     0.43
   14.40 |     0.71 |     0.60 |     0.39 |     0.51 |     0.48 |     0.54 |     0.54 |     0.34 |     0.64 |     0.46 |     0.49 |     0.44
   14.55 |     0.70 |     0.56 |     0.37 |     0.51 |     0.48 |     0.56 |     0.51 |     0.35 |     0.64 |     0.46 |     0.47 |     0.45
   14.70 |     0.69 |     0.52 |     0.35 |     0.50 |     0.47 |     0.57 |     0.46 |     0.36 |     0.64 |     0.46 |     0.45 |     0.46
   14.85 |     0.68 |     0.48 |     0.33 |     0.49 |     0.47 |     0.59 |     0.42 |     0.37 |     0.64 |     0.46 |     0.44 |     0.47
   15.00 |     0.67 |     0.44 |     0.32 |     0.48 |     0.47 |     0.60 |     0.38 |     0.37 |     0.64 |     0.46 |     0.43 |     0.48
   15.15 |     0.67 |     0.43 |     0.32 |     0.47 |     0.48 |     0.64 |     0.37 |     0.39 |     0.63 |     0.49 |     0.42 |     0.48
   15.30 |     0.67 |     0.42 |     0.32 |     0.46 |     0.49 |     0.68 |     0.36 |     0.41 |     0.62 |     0.54 |     0.41 |     0.49
   15.45 |     0.67 |     0.42 |     0.32 |     0.46 |     0.49 |     0.73 |     0.36 |     0.44 |     0.61 |     0.60 |     0.40 |     0.50
   15.60 |     0.68 |     0.41 |     0.32 |     0.45 |     0.50 |     0.78 |     0.35 |     0.46 |     0.60 |     0.65 |     0.39 |     0.51
   15.75 |     0.67 |     0.40 |     0.32 |     0.44 |     0.50 |     0.81 |     0.34 |     0.47 |     0.58 |     0.68 |     0.38 |     0.51
   15.90 |     0.65 |     0.39 |     0.32 |     0.45 |     0.51 |     0.83 |     0.33 |     0.51 |     0.56 |     0.68 |     0.41 |     0.56
   16.05 |     0.70 |     0.38 |     0.32 |     0.47 |     0.51 |     0.84 |     0.33 |     0.54 |     0.54 |     0.66 |     0.16 |     0.45
   16.20 |     0.69 |     0.38 |     0.32 |     0.49 |     0.52 |     0.84 |     0.32 |     0.56 |     0.52 |     0.63 |     0.11 |     0.44
   16.35 |     0.68 |     0.37 |     0.32 |     0.50 |     0.52 |     0.84 |     0.31 |     0.58 |     0.50 |     0.61 |     0.06 |     0.44
   16.50 |     0.69 |     0.36 |     0.32 |     0.51 |     0.53 |     0.85 |     0.30 |     0.61 |     0.47 |     0.61 |     0.00 |     0.43
   16.65 |     0.65 |     0.35 |     0.32 |     0.52 |     0.53 |     0.88 |     0.29 |     0.64 |     0.45 |     0.63 |     0.09 |     0.50
   16.80 |     0.61 |     0.34 |     0.32 |     0.52 |     0.53 |     0.92 |     0.30 |     0.66 |     0.43 |     0.64 |     0.17 |     0.57
   16.95 |     0.57 |     0.33 |     0.32 |     0.52 |     0.53 |     0.96 |     0.30 |     0.68 |     0.41 |     0.65 |     0.25 |     0.63
   17.10 |     0.53 |     0.32 |     0.32 |     0.52 |     0.54 |     0.99 |     0.30 |     0.69 |     0.39 |     0.66 |     0.32 |     0.68
   17.25 |     0.49 |     0.31 |     0.32 |     0.51 |     0.54 |     1.00 |     0.29 |     0.70 |     0.36 |     0.68 |     0.39 |     0.73
   17.40 |     0.46 |     0.30 |     0.32 |     0.49 |     0.54 |     1.00 |     0.28 |     0.70 |     0.32 |     0.69 |     0.45 |     0.77
   17.55 |     0.42 |     0.30 |     0.32 |     0.48 |     0.54 |     1.00 |     0.26 |     0.69 |     0.28 |     0.70 |     0.48 |     0.79
   17.70 |     0.41 |     0.29 |     0.32 |     0.45 |     0.54 |     1.00 |     0.24 |     0.67 |     0.23 |     0.71 |     0.45 |     0.78
   17.85 |     0.39 |     0.28 |     0.32 |     0.43 |     0.54 |     1.00 |     0.22 |     0.66 |     0.19 |     0.72 |     0.42 |     0.76
   18.00 |     0.37 |     0.27 |     0.32 |     0.40 |     0.54 |     1.00 |     0.21 |     0.63 |     0.15 |     0.73 |     0.39 |     0.73
   18.15 |     0.37 |     0.30 |     0.32 |     0.38 |     0.54 |     1.00 |     0.25 |     0.60 |     0.15 |     0.72 |     0.36 |     0.70
   18.30 |     0.37 |     0.34 |     0.32 |     0.35 |     0.54 |     1.00 |     0.28 |     0.57 |     0.15 |     0.71 |     0.32 |     0.67
   18.45 |     0.37 |     0.38 |     0.32 |     0.33 |     0.54 |     0.99 |     0.32 |     0.53 |     0.15 |     0.70 |     0.29 |     0.64
   18.60 |     0.37 |     0.41 |     0.32 |     0.30 |     0.54 |     0.97 |     0.35 |     0.50 |     0.15 |     0.69 |     0.25 |     0.60
   18.75 |     0.37 |     0.44 |     0.32 |     0.27 |     0.54 |     0.96 |     0.38 |     0.46 |     0.15 |     0.68 |     0.22 |     0.56
   18.90 |     0.37 |     0.46 |     0.32 |     0.27 |     0.54 |     0.94 |     0.40 |     0.45 |     0.15 |     0.66 |     0.22 |     0.56
   19.05 |     0.37 |     0.48 |     0.32 |     0.27 |     0.53 |     0.92 |     0.42 |     0.45 |     0.15 |     0.65 |     0.22 |     0.55
   19.20 |     0.37 |     0.50 |     0.32 |     0.27 |     0.53 |     0.90 |     0.44 |     0.45 |     0.15 |     0.64 |     0.22 |     0.55
   19.35 |     0.37 |     0.50 |     0.32 |     0.27 |     0.53 |     0.88 |     0.45 |     0.44 |     0.15 |     0.63 |     0.22 |     0.55
   19.50 |     0.37 |     0.51 |     0.32 |     0.27 |     0.53 |     0.85 |     0.45 |     0.44 |     0.15 |     0.61 |     0.22 |     0.54
   19.65 |     0.37 |     0.50 |     0.32 |     0.27 |     0.52 |     0.83 |     0.45 |     0.43 |     0.15 |     0.60 |     0.23 |     0.55
   19.80 |     0.37 |     0.50 |     0.32 |     0.27 |     0.52 |     0.81 |     0.44 |     0.43 |     0.15 |     0.58 |     0.26 |     0.57
   19.95 |     0.37 |     0.48 |     0.32 |     0.27 |     0.51 |     0.78 |     0.42 |     0.42 |     0.15 |     0.57 |     0.30 |     0.60
   20.10 |     0.37 |     0.46 |     0.32 |     0.27 |     0.51 |     0.76 |     0.40 |     0.42 |     0.15 |     0.55 |     0.33 |     0.62
   20.25 |     0.37 |     0.44 |     0.32 |     0.27 |     0.50 |     0.73 |     0.38 |     0.41 |     0.15 |     0.54 |     0.34 |     0.62
   20.40 |     0.37 |     0.41 |     0.32 |     0.27 |     0.50 |     0.71 |     0.35 |     0.40 |     0.15 |     0.52 |     0.33 |     0.60
   20.55 |     0.37 |     0.38 |     0.32 |     0.27 |     0.49 |     0.68 |     0.32 |     0.40 |     0.15 |     0.51 |     0.30 |     0.57
   20.70 |     0.37 |     0.34 |     0.32 |     0.27 |     0.49 |     0.65 |     0.28 |     0.39 |     0.15 |     0.49 |     0.26 |     0.53
   20.85 |     0.37 |     0.30 |     0.32 |     0.27 |     0.48 |     0.63 |     0.25 |     0.38 |     0.15 |     0.48 |     0.23 |     0.49
   21.00 |     0.37 |     0.27 |     0.32 |     0.27 |     0.47 |     0.60 |     0.21 |     0.37 |     0.15 |     0.46 |     0.22 |     0.48
   21.15 |     0.37 |     0.27 |     0.32 |     0.27 |     0.47 |     0.59 |     0.21 |     0.37 |     0.15 |     0.45 |     0.22 |     0.47
   21.30 |     0.37 |     0.28 |     0.32 |     0.27 |     0.46 |     0.57 |     0.22 |     0.36 |     0.16 |     0.45 |     0.22 |     0.46
   21.45 |     0.37 |     0.29 |     0.32 |     0.27 |     0.45 |     0.56 |     0.24 |     0.35 |     0.18 |     0.44 |     0.22 |     0.45
   21.60 |     0.37 |     0.30 |     0.32 |     0.27 |     0.45 |     0.54 |     0.25 |     0.34 |     0.19 |     0.43 |     0.22 |     0.44
   21.75 |     0.37 |     0.30 |     0.32 |     0.27 |     0.44 |     0.53 |     0.26 |     0.33 |     0.20 |     0.42 |     0.22 |     0.43
   21.90 |     0.37 |     0.30 |     0.32 |     0.30 |     0.43 |     0.51 |     0.25 |     0.36 |     0.19 |     0.42 |     0.25 |     0.46
   22.05 |     0.37 |     0.29 |     0.32 |     0.33 |     0.42 |     0.49 |     0.24 |     0.38 |     0.18 |     0.41 |     0.29 |     0.48
   22.20 |     0.37 |     0.28 |     0.32 |     0.35 |     0.41 |     0.48 |     0.22 |     0.41 |     0.16 |     0.40 |     0.32 |     0.51
   22.35 |     0.37 |     0.27 |     0.32 |     0.38 |     0.40 |     0.46 |     0.21 |     0.43 |     0.15 |     0.39 |     0.36 |     0.53
   22.50 |     0.37 |     0.27 |     0.32 |     0.42 |     0.40 |     0.44 |     0.21 |     0.47 |     0.15 |     0.38 |     0.39 |     0.55
   22.65 |     0.37 |     0.27 |     0.32 |     0.44 |     0.39 |     0.43 |     0.21 |     0.49 |     0.15 |     0.37 |     0.41 |     0.56
   22.80 |     0.37 |     0.27 |     0.32 |     0.47 |     0.38 |     0.41 |     0.21 |     0.52 |     0.15 |     0.36 |     0.43 |     0.57
   22.95 |     0.37 |     0.27 |     0.32 |     0.49 |     0.37 |     0.39 |     0.21 |     0.55 |     0.15 |     0.36 |     0.44 |     0.57
   23.10 |     0.37 |     0.27 |     0.32 |     0.51 |     0.36 |     0.37 |     0.21 |     0.56 |     0.15 |     0.35 |     0.45 |     0.57
   23.25 |     0.37 |     0.27 |     0.32 |     0.52 |     0.35 |     0.35 |     0.21 |     0.56 |     0.15 |     0.34 |     0.46 |     0.56
   23.40 |     0.37 |     0.27 |     0.32 |     0.51 |     0.34 |     0.34 |     0.21 |     0.54 |     0.15 |     0.33 |     0.45 |     0.55
   23.55 |     0.37 |     0.27 |     0.32 |     0.49 |     0.33 |     0.32 |     0.21 |     0.50 |     0.15 |     0.32 |     0.44 |     0.53
   23.70 |     0.37 |     0.27 |     0.32 |     0.47 |     0.32 |     0.30 |     0.21 |     0.45 |     0.15 |     0.31 |     0.43 |     0.50
   23.85 |     0.37 |     0.27 |     0.32 |     0.44 |     0.31 |     0.28 |     0.21 |     0.40 |     0.15 |     0.30 |     0.41 |     0.47
   24.00 |     0.37 |     0.27 |     0.32 |     0.40 |     0.30 |     0.26 |     0.21 |     0.33 |     0.15 |     0.29 |     0.39 |     0.43
